-3621131
4999
0 568
0 3798
1 798
1 1427
1 3344
2 979
4 915
4 3130
5 2626
5 4438
6 2926
7 3088
11 2210
12 427
12 4282
12 4780
15 4110
17 3482
19 807
19 1342
19 1978
19 2426
20 4258
21 2597
24 3696
24 3852
26 3816
27 905
27 3958
29 634
29 4308
31 2455
31 3853
32 4427
32 4984
36 2393
36 4528
36 4768
40 1460
40 4035
41 3050
43 1017
46 1418
46 1676
46 4684
48 2904
48 4909
51 4631
53 2745
53 3257
57 3524
57 3525
57 4405
59 2710
61 3747
61 4443
61 4697
63 3119
64 2460
64 3081
65 40
66 1864
66 4791
67 176
67 4292
68 1733
68 4286
70 4476
72 799
72 2289
72 3126
72 4147
72 4411
73 3917
75 397
76 1310
76 2489
77 3431
79 3045
80 3198
81 2023
81 2358
82 4183
85 472
85 1143
86 421
86 3063
88 982
88 1833
89 4402
90 1766
91 3456
93 409
93 2226
94 535
95 3207
96 1280
96 3011
97 4957
99 377
99 1891
103 58
103 904
103 1129
103 4439
103 4943
104 730
104 1993
104 3416
105 4244
106 2535
106 3138
106 4522
107 731
107 1865
107 3388
111 2696
112 4734
113 2205
113 3542
113 4125
116 4195
117 1651
118 1641
118 1792
119 1765
121 4647
123 2907
125 3829
125 4817
127 2756
128 505
128 3795
129 2313
130 4596
131 2901
134 340
135 936
135 1596
135 4127
138 673
138 3033
138 3054
139 1502
140 529
141 241
142 1505
144 4627
145 1407
147 287
147 858
147 2385
149 585
149 3247
150 1582
150 4170
151 1398
151 1806
152 2851
152 4339
152 4890
153 2498
153 3021
156 3844
157 4926
158 4275
159 1903
162 1484
163 3475
163 3640
166 3794
167 4881
168 790
171 878
171 2061
172 3869
173 991
173 3824
174 1741
174 2447
174 4256
176 3959
179 1297
180 3544
181 2308
181 3787
182 965
182 1929
183 903
184 48
186 3867
187 2594
187 4480
187 4925
188 2615
190 3427
191 778
192 3680
192 4706
193 4356
195 518
195 566
195 4029
195 4758
196 508
197 844
198 4615
199 983
200 3039
201 1794
202 1118
202 1350
202 1679
202 2187
203 4051
203 4848
204 2051
204 3171
204 4290
205 1139
206 645
206 4789
207 486
209 2661
209 2889
211 29
211 3258
212 2470
215 2657
216 2436
217 668
217 2712
218 1056
219 3487
220 3806
221 3406
221 4372
221 4474
222 2272
222 3621
222 4362
222 4793
223 599
223 882
223 2356
223 3146
223 4334
224 933
225 1214
225 2449
225 3834
226 3095
227 866
227 3814
229 35
229 174
229 178
229 1698
229 2446
229 2923
229 3723
231 3631
231 4949
237 117
238 1499
243 1364
243 2764
243 3646
244 3729
247 669
247 722
247 1754
248 233
248 2956
249 1099
252 2763
256 828
256 3667
256 4332
257 2800
257 4669
258 426
259 2521
259 3484
261 2783
261 3157
262 2855
263 703
263 1058
263 4254
264 2357
265 2018
265 3189
265 3661
266 2457
271 1561
271 3789
271 4220
278 3047
278 4521
279 1299
279 3894
280 3763
280 3909
280 4792
281 450
281 1519
281 3949
281 4150
284 893
285 415
286 1887
286 3773
287 1892
287 1983
287 3840
288 1879
292 576
292 850
293 3865
293 4508
296 1711
296 3511
300 1624
300 2672
302 2583
302 4762
306 1520
306 2214
309 805
309 4100
310 926
312 1939
314 1951
315 4247
316 1075
317 3007
321 2266
321 2983
322 3375
324 2760
325 127
325 2951
325 3585
327 4022
328 2151
329 1969
331 2398
333 2177
335 3214
335 4251
337 476
338 2417
341 3492
342 1548
344 548
345 3034
346 2732
346 3294
347 1977
348 3549
349 4570
350 1192
350 3075
351 3936
352 1068
352 2036
352 3340
353 1984
358 1613
358 1953
358 3403
365 2588
370 1426
372 2351
372 3373
374 977
374 3183
376 963
376 4229
377 541
377 765
378 1625
378 2275
378 2401
380 2701
381 2193
383 3250
385 2962
385 3636
386 478
388 1699
389 2810
390 1362
390 2270
390 2587
390 4593
391 869
392 2839
393 3655
394 192
394 3582
394 4406
394 4741
395 3311
396 1912
396 3003
396 4509
396 4666
398 1174
398 4400
400 1238
402 1281
402 1302
402 3507
403 319
403 2892
403 3361
404 4491
406 3043
409 2999
410 3304
410 4255
411 1729
412 2001
415 2510
415 4735
418 2941
419 3110
420 1695
420 1827
421 2078
423 1153
423 2681
423 2846
424 369
424 1917
427 1301
427 1400
427 2400
427 3351
427 3953
431 2673
432 562
433 891
434 2625
435 1569
435 3106
437 1783
437 3831
437 3895
438 4515
439 57
439 3767
441 759
442 2323
443 1295
444 3694
445 2082
446 3238
446 4470
447 1353
447 3025
448 2486
448 3932
449 3315
450 1150
456 3808
457 1436
458 3998
459 277
459 1990
460 4253
462 2794
463 659
463 4228
464 4235
465 690
465 2182
465 4561
466 1803
467 4043
471 784
472 1537
472 4565
475 1348
476 320
476 1631
476 2713
476 4047
477 79
482 712
483 4162
485 744
485 1307
488 1930
488 3430
490 1868
492 1780
493 1288
494 121
495 1228
495 1702
495 3274
496 3395
497 288
498 2786
499 3960
499 3994
504 3421
505 4456
506 448
506 3786
508 649
508 2604
509 966
509 1551
509 2202
509 4205
510 162
510 2507
510 4134
512 3605
512 3630
513 653
514 3372
514 4605
516 1397
517 1262
517 2167
518 4779
520 2188
520 3686
521 32
521 2638
521 4524
526 3714
527 1529
527 3142
528 449
528 1524
528 3671
529 3633
529 4435
531 615
531 2704
532 1629
532 4345
533 546
533 717
537 3298
537 4828
538 256
539 4237
541 1946
541 2060
543 3173
545 2925
546 1210
546 4241
548 1128
548 1509
548 4963
549 1781
552 170
552 1573
553 4203
553 4839
554 693
554 1842
554 4270
555 25
555 1540
555 4184
556 4861
557 2854
558 2132
560 1226
561 4294
562 880
563 2902
564 1116
564 3641
564 4018
566 1854
567 1229
568 326
568 1731
568 2708
568 3220
569 3939
571 1025
572 4484
574 4827
575 1181
575 3316
575 3877
576 3856
579 2596
581 2805
581 3139
582 992
582 4191
583 295
583 2236
583 4577
583 4773
584 37
585 1694
587 1391
588 3973
588 4547
589 3070
590 477
590 3827
591 1855
592 2784
594 343
594 429
596 1809
596 3197
601 1357
602 2330
606 1563
607 973
611 4591
612 644
612 1670
612 3328
612 3926
614 1680
614 4042
615 3945
616 874
618 151
618 316
618 583
618 3504
618 4759
620 2334
621 131
621 2842
621 2921
621 3464
623 372
624 3521
624 3988
625 1200
625 2549
626 3596
627 2858
628 600
628 2155
628 3810
629 2872
630 4141
630 4642
631 4763
632 837
632 2153
634 1346
634 4206
635 1306
636 2804
637 3925
638 1123
642 2721
644 2936
644 3738
648 1335
648 2232
648 3689
649 1314
649 2290
649 2307
650 1245
652 3448
653 1575
653 2947
653 3188
654 2752
655 4959
656 5
656 3943
657 1300
657 2350
659 2066
659 2104
659 2726
659 4583
660 706
660 2027
660 3438
660 4422
660 4746
661 1135
661 1786
661 4662
668 356
669 1660
670 870
670 2780
670 3518
671 1277
672 3850
674 3002
674 4016
675 872
675 3082
676 1895
677 3165
679 2816
679 3057
679 3133
680 180
680 2680
681 1878
683 510
683 4065
686 219
686 261
686 1166
686 1543
687 435
687 1700
688 2545
688 3552
689 115
690 1236
692 1717
692 2896
692 3898
693 3708
694 1441
695 50
695 504
695 4964
702 4103
704 2967
705 3505
706 1341
707 2950
708 506
709 3295
710 2628
710 3784
710 4501
713 4373
715 832
717 1149
717 4122
717 4830
718 132
718 1705
719 1326
721 3212
722 98
723 1735
724 368
731 2725
731 4293
732 370
733 1815
734 587
735 76
735 2973
735 3168
736 1396
738 4519
739 2269
739 3922
742 2814
745 1645
745 2977
746 2659
747 4851
749 2309
749 4876
751 310
751 2799
751 4398
753 2589
755 1560
757 2620
758 2978
760 243
761 3718
761 4784
764 2822
764 3181
765 4146
766 856
766 2666
767 4154
767 4747
768 920
768 1009
768 4129
768 4169
770 1547
770 1802
771 3884
773 4781
774 1470
775 1720
776 286
780 59
780 4291
781 2062
781 3826
789 2916
790 298
791 727
791 1439
791 2367
793 3424
795 1697
798 334
799 165
799 4246
802 691
802 2579
803 3239
804 306
804 855
804 1417
806 4463
807 289
807 2354
807 2533
807 3350
808 2755
810 859
810 3129
810 4869
811 3769
813 440
819 3615
820 1954
820 2801
820 3366
821 776
821 2844
821 3647
821 4248
822 465
822 4092
824 183
825 3933
827 280
827 3562
828 2562
830 1662
830 2054
832 2494
832 4425
833 4032
834 2372
834 3573
835 1943
835 3223
836 3027
837 167
837 481
837 2997
838 588
838 2823
838 4520
839 247
839 2075
841 656
841 2684
841 3172
844 4490
849 3554
850 2340
850 3195
850 3578
851 3354
853 296
853 952
853 1578
853 4575
855 1178
857 3113
858 3410
859 825
859 2674
859 3071
860 3390
861 1991
863 1020
863 1632
864 651
864 4026
866 2546
867 769
867 1831
868 2644
868 4503
870 4017
870 4571
873 684
873 752
873 2227
873 2656
873 4525
874 775
874 1126
874 4325
876 2570
876 4557
879 366
879 711
880 4617
883 889
884 2813
885 3397
885 4588
886 1945
886 3300
887 919
891 3299
893 4333
894 1897
895 416
895 783
895 3309
896 458
899 3259
903 4568
904 1724
906 4311
908 1363
909 1151
909 4640
911 1059
913 2168
913 3380
913 4546
913 4836
915 860
916 3228
917 2934
917 3910
920 502
920 1819
922 1732
922 3488
922 4715
923 2034
923 3091
924 545
924 3122
924 3916
926 1339
926 3100
926 3281
927 36
929 1958
929 3368
931 721
932 420
932 2022
933 4392
933 4783
936 3584
936 4163
937 173
938 2685
938 3741
940 932
941 1403
943 1240
943 3382
943 3965
943 4359
943 4816
945 1516
945 3411
945 4044
946 4276
948 3085
952 323
953 1410
953 2173
955 1115
956 661
959 2118
960 1292
960 4712
962 3379
963 1085
963 1574
963 2207
964 2861
964 4379
965 123
965 2714
966 47
966 1012
966 2631
966 4448
967 497
968 2003
968 4279
970 1745
971 362
972 4744
973 2840
973 4193
976 771
976 3453
978 2824
978 3638
979 2838
980 285
980 2642
980 4675
984 1957
984 3378
985 161
985 3566
986 2653
987 2281
987 3550
989 3107
991 41
991 1858
992 3961
992 3976
993 336
994 284
995 110
995 1941
997 688
1003 148
1003 3185
1004 2703
1009 147
1009 193
1010 2
1011 113
1011 679
1011 3103
1011 3581
1013 3935
1015 177
1015 3241
1016 1576
1017 4567
1019 255
1020 149
1021 1435
1023 97
1023 2240
1023 2770
1024 445
1025 3342
1026 2247
1027 258
1027 1077
1027 2645
1028 299
1028 1324
1029 159
1029 1325
1029 2463
1033 3255
1034 3369
1036 3790
1039 2341
1044 4560
1045 2283
1045 3461
1045 4479
1050 1254
1051 419
1051 2650
1051 3026
1051 3553
1053 2045
1053 3650
1059 3626
1060 1937
1060 4369
1060 4460
1062 2438
1062 4105
1065 2145
1067 350
1070 1579
1073 1064
1074 1402
1074 4671
1075 2178
1079 2331
1081 133
1081 433
1081 1134
1081 1787
1081 2121
1084 1120
1087 2612
1088 2320
1091 4594
1092 975
1092 1211
1092 3423
1093 1298
1095 17
1096 814
1096 3762
1097 1258
1097 2836
1099 3576
1100 2955
1102 488
1102 3674
1103 3963
1104 2944
1105 4366
1107 533
1107 641
1107 2803
1108 1774
1108 4648
1111 1057
1111 1455
1112 3086
1112 3595
1112 4152
1112 4543
1113 1816
1114 4832
1115 3966
1116 1027
1116 1521
1116 4804
1117 2472
1117 3318
1118 2249
1119 729
1121 4297
1122 2246
1127 572
1127 863
1127 2586
1129 143
1129 2540
1130 434
1130 564
1131 392
1132 3489
1135 571
1135 601
1135 1615
1135 2220
1135 2359
1135 3284
1137 2660
1139 1942
1139 2481
1142 1431
1142 4753
1143 331
1143 4296
1144 3125
1149 4466
1150 4473
1154 1205
1154 1927
1154 2058
1155 195
1155 1744
1155 2453
1155 2915
1155 3472
1156 3434
1156 4385
1157 352
1157 2105
1158 385
1158 1253
1161 4679
1162 3473
1164 1464
1164 4233
1165 2971
1167 3681
1168 2029
1170 2705
1170 4432
1170 4870
1172 974
1174 1112
1175 2550
1175 4987
1177 3441
1180 3539
1181 2069
1181 3429
1182 2640
1183 1655
1184 417
1186 523
1187 985
1188 4638
1191 1557
1193 1963
1193 3514
1195 2664
1195 3989
1200 2757
1203 1293
1203 3948
1204 2041
1204 4137
1205 1
1207 2787
1207 3821
1208 1282
1209 4841
1212 1289
1214 2837
1215 543
1215 3818
1215 4314
1215 4514
1216 1032
1216 3267
1218 737
1218 894
1218 1062
1220 509
1220 3757
1221 2108
1223 768
1223 1839
1224 1449
1225 1836
1225 2959
1227 200
1229 4450
1230 2827
1232 3008
1234 3642
1234 4272
1235 3892
1238 4534
1239 1955
1239 3699
1242 660
1243 2466
1243 4089
1245 1159
1245 4831
1246 1525
1246 2048
1247 1157
1247 2076
1247 3306
1248 3439
1251 3301
1252 1266
1252 1644
1252 2361
1254 4628
1256 245
1256 4732
1258 1875
1259 1445
1259 2296
1259 2931
1260 2706
1261 4320
1261 4705
1263 2808
1265 4061
1266 1172
1266 3835
1266 4902
1268 687
1268 4115
1269 1338
1269 2443
1270 231
1270 351
1270 4938
1271 2668
1273 632
1273 2802
1274 8
1275 2276
1275 2390
1277 1758
1278 4053
1279 4182
1282 3144
1283 739
1283 1750
1283 2319
1285 1539
1286 4056
1287 1669
1287 4863
1287 4985
1288 189
1289 1069
1291 1473
1291 3211
1292 1921
1293 2080
1295 2127
1297 1082
1297 2222
1297 2857
1299 2829
1300 1503
1301 1197
1301 3664
1302 4025
1302 4977
1303 2053
1305 1592
1305 2179
1305 3851
1307 4472
1308 3127
1309 4569
1310 2345
1310 4428
1312 4700
1313 33
1313 701
1313 2196
1313 3090
1315 1931
1316 1479
1316 2670
1317 55
1317 4076
1318 964
1319 2110
1319 2113
1320 342
1320 4008
1323 2553
1324 3490
1324 4344
1327 1683
1329 42
1329 998
1329 2199
1330 268
1330 1987
1331 1849
1332 4259
1333 3908
1334 923
1334 1474
1335 3861
1338 134
1338 3014
1339 820
1340 665
1341 2619
1350 2675
1350 3174
1350 3735
1353 1252
1356 3880
1357 4180
1358 2382
1359 3076
1360 917
1360 1285
1360 2040
1360 4904
1361 4676
1362 2216
1363 3251
1363 4423
1364 44
1364 1621
1365 1616
1367 918
1370 2111
1372 3728
1377 629
1378 1031
1381 104
1381 2688
1382 3670
1382 4459
1384 3310
1386 4751
1387 633
1387 3383
1389 4207
1391 1430
1391 2405
1392 447
1392 3143
1392 3401
1392 3606
1393 2488
1395 2137
1395 2869
1397 83
1397 3745
1398 4142
1399 145
1402 1710
1402 3229
1403 1814
1403 2621
1403 3193
1404 1507
1404 4843
1407 3312
1407 4582
1410 3271
1411 4440
1417 4118
1420 2200
1420 4340
1422 3327
1422 4496
1424 4829
1425 4396
1427 2279
1427 3515
1427 3721
1431 4445
1434 105
1434 4033
1435 1084
1436 2343
1437 2564
1437 3594
1438 3494
1442 971
1442 3040
1446 705
1447 3914
1448 401
1448 773
1449 4975
1451 3742
1452 4678
1453 1073
1455 3693
1458 202
1458 3308
1459 2065
1459 4600
1464 984
1467 3783
1470 3500
1471 1007
1471 3833
1471 3986
1476 3218
1479 1716
1479 2740
1483 4176
1484 748
1485 2979
1485 4852
1486 2495
1486 3096
1486 4059
1486 4199
1487 3445
1487 3839
1490 3592
1490 3597
1493 31
1493 89
1493 109
1493 3161
1493 4200
1495 2002
1495 2593
1496 834
1496 956
1496 1105
1496 1580
1499 4179
1500 4324
1501 1234
1503 3967
1504 4989
1508 2304
1508 2511
1508 3684
1510 1601
1510 2176
1510 3609
1512 1567
1512 4972
1514 1164
1514 4306
1515 1167
1515 2527
1516 1333
1518 4357
1518 4663
1520 1275
1520 4389
1521 158
1524 1709
1524 1825
1524 2900
1524 3432
1526 1778
1526 2876
1526 3412
1527 1387
1527 1416
1528 3559
1528 4708
1530 1949
1535 1343
1535 4384
1536 4264
1537 252
1537 906
1537 4748
1538 1478
1540 3282
1541 1512
1543 463
1543 1597
1543 4652
1544 3617
1545 2991
1546 4912
1548 1360
1548 2548
1549 99
1549 1261
1550 2271
1550 3854
1550 4216
1551 2383
1552 3385
1555 770
1556 3353
1556 3751
1557 4910
1558 2746
1559 191
1559 1171
1561 3120
1565 2074
1565 3252
1567 2070
1568 3652
1569 3600
1573 2203
1574 1504
1574 2095
1576 2233
1576 4355
1578 1024
1579 1113
1579 1347
1581 3346
1581 3586
1581 3878
1582 3907
1584 3517
1586 1759
1587 1882
1587 2525
1587 4607
1588 346
1588 3391
1590 1604
1591 1419
1591 2106
1591 2575
1591 2578
1591 2600
1592 1186
1593 1257
1594 723
1595 1652
1595 3215
1595 3941
1595 4579
1596 2391
1600 2514
1600 2528
1600 4048
1601 4677
1604 150
1604 1392
1607 2571
1607 4725
1608 843
1608 1457
1608 1648
1609 1739
1610 989
1610 4564
1611 1501
1611 2092
1611 4498
1613 2792
1618 1100
1621 921
1621 1377
1621 3532
1621 4039
1621 4724
1624 2223
1624 2658
1624 3031
1624 3716
1625 2380
1625 2826
1625 4289
1625 4360
1626 18
1626 3996
1627 3028
1629 4245
1630 3591
1633 899
1633 4380
1634 4040
1636 867
1638 558
1638 1454
1639 1424
1639 4535
1641 1811
1641 2828
1642 1989
1643 549
1645 184
1645 2230
1645 2492
1646 1189
1646 2395
1649 2413
1652 539
1653 4812
1655 2898
1656 819
1656 2996
1657 3920
1661 1160
1661 2300
1662 4457
1663 1972
1665 556
1666 2467
1666 3049
1667 187
1667 1161
1668 2021
1668 2073
1671 66
1671 4287
1671 4415
1674 2517
1674 2523
1675 1851
1676 4436
1679 62
1680 4906
1680 4921
1683 3962
1684 1634
1684 2989
1684 3938
1685 955
1686 454
1686 2114
1687 1552
1690 2609
1690 2888
1690 4363
1691 3659
1693 4717
1697 1317
1697 1782
1697 2749
1698 750
1698 4108
1700 4326
1701 1605
1701 4847
1706 559
1706 981
1706 1091
1707 525
1709 514
1709 2870
1710 1374
1710 1752
1711 459
1712 2939
1712 4794
1713 3498
1715 1639
1715 3624
1717 4807
1718 428
1720 12
1720 2120
1720 2282
1720 4121
1721 2610
1722 1534
1723 73
1723 779
1723 2171
1724 4894
1729 2484
1730 361
1730 395
1730 4610
1732 171
1732 461
1733 574
1733 4756
1737 1026
1739 1437
1741 1239
1741 2976
1742 443
1742 3160
1743 1740
1744 146
1744 3068
1745 3774
1745 4721
1747 4694
1748 348
1749 1332
1750 1081
1750 1408
1751 4900
1753 490
1753 3982
1755 9
1756 1872
1756 4464
1756 4477
1757 710
1757 2811
1757 3051
1757 3690
1759 3078
1761 4265
1762 2254
1763 1874
1764 135
1764 4295
1764 4352
1765 2592
1768 276
1772 2580
1773 500
1773 2191
1773 4112
1774 4983
1775 1678
1775 4303
1775 4558
1776 3206
1776 4305
1777 3458
1778 1304
1779 2006
1780 4036
1781 1546
1782 1008
1782 4361
1782 4685
1783 2590
1789 1079
1789 3337
1790 1312
1791 520
1791 3870
1792 1804
1792 3874
1796 1866
1796 3465
1798 4098
1800 1620
1800 2754
1801 3408
1803 1723
1803 2164
1803 2852
1803 4419
1804 2056
1804 4382
1805 318
1808 1147
1808 3944
1809 2932
1810 3150
1811 14
1811 4064
1815 4552
1817 2743
1817 3740
1817 4813
1818 1713
1818 4623
1820 4446
1820 4688
1821 469
1821 1923
1823 3923
1824 1835
1824 1918
1824 2035
1824 3491
1827 934
1828 2894
1829 757
1829 4346
1830 4073
1834 341
1834 1256
1835 516
1841 2291
1842 927
1842 1661
1842 2459
1843 4239
1845 2599
1846 4928
1847 2116
1847 2716
1848 764
1849 118
1850 4159
1852 1044
1852 1340
1852 1722
1860 1203
1860 4559
1862 590
1862 1381
1864 1049
1864 4614
1865 442
1865 455
1865 794
1865 1526
1865 4853
1867 4005
1868 631
1869 619
1870 791
1870 2772
1871 1137
1871 1638
1872 3005
1872 4998
1874 3720
1874 4309
1876 197
1876 3604
1879 1291
1879 2552
1879 3937
1880 1976
1884 1952
1885 2938
1889 2338
1890 88
1890 1807
1890 4164
1891 3176
1892 987
1894 743
1896 1859
1897 3698
1898 2312
1898 4713
1898 4867
1899 1376
1900 4883
1902 3179
1902 3970
1903 2014
1904 2294
1904 2544
1904 3254
1911 3227
1912 1671
1912 2166
1913 4634
1914 2378
1914 4785
1915 1016
1915 1667
1915 3678
1916 34
1916 1162
1918 4923
1919 877
1919 1591
1920 788
1920 2480
1921 20
1921 886
1921 1594
1923 1673
1925 555
1925 2169
1925 3377
1929 3563
1930 2031
1932 4835
1933 2796
1933 3497
1933 3607
1934 755
1934 2245
1936 928
1937 1198
1937 3297
1938 222
1941 639
1943 3449
1944 67
1944 3921
1946 563
1946 2636
1947 623
1950 1585
1950 2965
1950 4612
1957 375
1958 2327
1958 3478
1958 3567
1959 1657
1960 1389
1960 2961
1964 267
1965 2263
1968 120
1968 1111
1968 2138
1968 4219
1968 4726
1969 3242
1970 1461
1970 1909
1972 2874
1973 3205
1974 1690
1974 1712
1974 1959
1974 2264
1974 3287
1977 3169
1979 182
1979 733
1980 1040
1981 1411
1981 2017
1982 1901
1982 4221
1984 1263
1984 4177
1985 1451
1985 3147
1986 1701
1986 4058
1988 1041
1988 4269
1991 3805
1992 3035
1993 931
1993 2090
1994 1589
1999 821
1999 1485
2001 3997
2002 780
2002 2115
2003 1928
2004 2574
2005 53
2006 2778
2007 3111
2007 3296
2009 1382
2009 1848
2009 4597
2010 3682
2010 4081
2010 4284
2011 4487
2012 495
2012 1237
2014 483
2014 1788
2014 1829
2014 3443
2015 2766
2018 4222
2019 1018
2019 2875
2021 1241
2022 1101
2024 2219
2026 3384
2026 4240
2026 4319
2028 142
2030 1703
2031 2750
2031 3221
2031 4686
2032 226
2032 1331
2033 4217
2037 4375
2039 4187
2039 4897
2040 4821
2041 2386
2041 2880
2042 3303
2044 2315
2044 4914
2045 466
2045 3154
2046 172
2046 4376
2047 922
2048 1259
2049 3748
2052 1465
2054 3508
2054 3613
2054 3984
2054 4250
2054 4661
2056 2676
2057 3481
2058 2598
2058 3263
2059 257
2060 3166
2061 1570
2061 2190
2061 2394
2061 4317
2061 4802
2062 871
2063 720
2063 3072
2063 3084
2063 4157
2065 2729
2066 394
2068 2285
2069 944
2069 2819
2070 3399
2070 4481
2075 2316
2075 4703
2078 536
2078 1313
2078 2454
2078 2513
2079 913
2079 4898
2081 1090
2081 1771
2082 28
2082 1692
2082 4285
2084 1933
2085 2124
2085 2192
2085 2806
2086 890
2086 1432
2087 3402
2088 1538
2090 4441
2090 4787
2091 2420
2092 4354
2092 4754
2093 3330
2094 1522
2094 2013
2094 2491
2094 2506
2095 2083
2096 103
2096 2377
2096 3004
2097 332
2097 822
2097 2139
2097 3325
2097 4980
2098 3360
2098 3588
2100 2522
2102 538
2103 1583
2104 1790
2105 671
2105 4188
2105 4672
2106 4944
2109 2887
2109 4550
2110 396
2110 2637
2110 3288
2111 2130
2113 1611
2116 772
2116 2373
2116 3015
2118 1857
2118 3627
2119 3902
2120 227
2120 1668
2120 2148
2122 1886
2122 2922
2122 4493
2123 2768
2123 4401
2123 4531
2125 3459
2125 3467
2126 2877
2127 2972
2129 2201
2129 4978
2132 264
2133 4341
2135 1810
2136 1910
2136 4097
2137 3199
2137 3556
2139 1654
2140 2152
2143 383
2143 2096
2143 3457
2143 3486
2143 3780
2145 1871
2147 4795
2148 838
2148 957
2148 2601
2149 592
2149 1870
2149 3750
2150 2117
2150 2189
2151 2920
2152 2101
2153 487
2153 875
2153 4483
2154 3739
2156 232
2157 1797
2157 3522
2159 1837
2160 3538
2160 3975
2161 3526
2162 2882
2162 3140
2166 1206
2167 254
2167 4749
2168 291
2169 2697
2170 270
2172 1475
2172 2776
2174 4924
2175 2518
2175 4846
2177 3203
2178 704
2178 3726
2179 240
2179 3847
2180 3608
2180 4750
2182 4167
2182 4737
2183 3012
2183 4138
2188 4131
2190 2505
2190 3265
2191 1438
2191 4833
2192 3791
2193 4838
2194 3881
2195 4155
2197 2683
2198 3184
2200 3845
2200 4659
2202 3590
2205 4940
2207 3785
2208 114
2210 112
2213 221
2213 846
2213 2652
2215 60
2215 1482
2215 2049
2215 2733
2217 2026
2218 624
2221 3447
2221 4052
2222 2043
2222 2081
2223 3568
2223 4267
2224 3759
2224 4099
2225 4351
2226 4788
2227 2005
2228 1688
2230 3307
2231 1704
2231 1768
2232 2325
2232 2332
2234 4702
2236 1014
2238 646
2238 4299
2240 2731
2240 3442
2240 3837
2241 212
2241 607
2241 4213
2241 4555
2243 1642
2244 707
2244 3293
2244 3756
2244 3772
2245 2468
2247 2147
2247 2180
2247 4074
2248 1626
2248 1818
2250 1541
2250 3951
2252 1283
2255 2097
2255 2170
2255 3665
2256 2248
2256 2297
2256 4782
2258 3547
2259 2775
2261 4218
2262 2280
2264 64
2264 3685
2264 3830
2265 4316
2267 3800
2268 3985
2271 1035
2271 1328
2271 3471
2274 823
2274 1045
2275 69
2275 92
2277 1532
2278 4709
2278 4911
2279 3148
2280 279
2280 833
2280 1316
2280 3564
2283 498
2283 3019
2286 3053
2286 4979
2288 2456
2289 11
2289 4504
2291 654
2291 2753
2294 349
2294 2946
2294 4114
2296 1248
2298 2937
2300 1906
2301 1564
2304 953
2306 4961
2309 718
2311 2154
2311 2720
2313 3046
2313 3855
2316 2237
2317 4608
2319 3653
2319 3676
2321 2131
2321 2906
2321 4618
2323 795
2325 2063
2325 3392
2326 467
2326 2084
2327 1048
2327 3262
2329 137
2329 2641
2331 2903
2332 696
2332 2364
2332 2945
2333 418
2333 3657
2335 2563
2335 3407
2336 3828
2338 13
2342 2217
2342 3222
2345 238
2347 2577
2347 4637
2349 630
2349 2504
2350 3462
2351 2362
2352 2687
2353 4701
2356 365
2356 1528
2356 2744
2358 1022
2359 166
2360 781
2362 4654
2362 4769
2363 1823
2363 4691
2364 734
2364 2482
2365 499
2367 2440
2367 3118
2367 4893
2369 1265
2369 4442
2370 3065
2370 4541
2372 1466
2373 2184
2374 3134
2375 854
2375 2655
2375 3323
2377 2627
2379 1103
2379 1850
2380 2369
2381 464
2382 3102
2383 852
2383 1800
2383 4337
2384 3208
2384 4312
2386 1852
2387 2694
2388 602
2388 1369
2388 2797
2390 4681
2391 503
2391 994
2391 1095
2391 1476
2391 3957
2391 4403
2393 220
2393 1527
2393 1808
2394 4003
2395 831
2395 2322
2396 1208
2397 3136
2399 3709
2400 282
2400 2998
2400 3137
2400 3583
2401 685
2401 4809
2404 122
2405 1187
2406 1687
2406 2848
2408 437
2408 702
2408 1029
2408 1708
2412 78
2413 2024
2416 260
2416 1684
2416 2039
2418 3364
2420 2451
2420 2613
2422 655
2422 2211
2422 4057
2422 4399
2422 4656
2424 300
2424 381
2424 2141
2426 4518
2426 4620
2427 1311
2427 3981
2430 528
2430 1165
2430 2541
2432 4500
2435 3317
2435 4139
2439 2591
2439 3801
2441 3523
2442 1926
2442 3060
2443 2197
2446 4454
2448 1124
2448 1595
2448 2963
2449 215
2449 2012
2449 2149
2450 3240
2451 303
2451 2437
2452 806
2452 3233
2452 4407
2453 2735
2454 3128
2460 741
2461 250
2461 2530
2462 608
2462 2243
2463 3862
2465 4209
2466 386
2466 2943
2466 3153
2468 3314
2470 1463
2470 3896
2470 4956
2471 4140
2475 3703
2475 4077
2476 3226
2476 3387
2477 1412
2481 3474
2482 1756
2482 3679
2482 3771
2487 3256
2491 2771
2493 598
2493 797
2494 153
2494 1287
2494 2667
2494 3286
2495 595
2495 2342
2495 4252
2497 1093
2498 1674
2499 1549
2499 1659
2500 2477
2502 728
2502 4704
2503 4327
2503 4418
2503 4882
2504 924
2504 3359
2506 405
2506 1358
2508 4592
2509 3124
2511 1598
2511 3534
2512 708
2513 3675
2513 4738
2514 1556
2514 3347
2515 2982
2516 1004
2516 2425
2516 2809
2517 2520
2520 1177
2520 4328
2521 230
2521 441
2521 4452
2522 3036
2522 4866
2526 1770
2526 3236
2527 1223
2527 2293
2527 3477
2528 2183
2528 4506
2530 3692
2533 157
2534 1148
2534 1566
2535 594
2535 1108
2536 338
2536 1736
2537 2406
2537 2607
2537 4249
2539 228
2540 4578
2541 424
2542 2047
2542 4367
2543 4002
2546 3724
2547 272
2547 4288
2548 3425
2548 4621
2549 3598
2555 1096
2555 3770
2556 43
2556 1635
2559 4204
2561 1327
2562 3052
2563 1944
2566 389
2567 438
2567 3842
2567 4539
2568 1982
2574 664
2575 753
2576 2990
2579 754
2580 715
2580 4946
2581 1428
2585 3349
2586 902
2587 907
2591 2094
2592 1584
2593 163
2593 522
2593 4050
2594 3501
2594 4130
2595 2257
2595 2403
2596 738
2596 3540
2596 3819
2597 2059
2598 2098
2598 2397
2598 4350
2599 2793
2600 224
2600 937
2600 1065
2600 1518
2600 1762
2604 3995
2605 4707
2608 1246
2608 1481
2608 2711
2608 3006
2609 491
2609 2375
2609 3776
2611 1452
2611 3079
2611 4109
2612 1337
2614 861
2615 2068
2616 836
2616 3673
2621 1322
2621 2067
2622 3279
2622 4622
2623 164
2623 3927
2623 3974
2624 628
2624 1039
2624 2088
2624 2537
2626 1019
2626 1587
2626 3433
2626 3705
2627 2194
2628 4920
2629 4055
2630 2490
2631 2366
2631 4072
2633 4903
2634 2310
2635 1305
2635 1696
2635 1779
2635 2689
2635 4884
2636 1173
2637 2010
2638 2125
2641 77
2641 1832
2641 2419
2642 3713
2643 94
2643 4865
2644 616
2644 1536
2644 4393
2644 4602
2644 4856
2645 2215
2647 507
2648 479
2648 2707
2648 2890
2650 106
2650 1243
2650 4037
2650 4755
2653 4589
2653 4960
2656 3752
2656 4837
2658 1714
2658 4805
2662 614
2667 2678
2667 3175
2668 2071
2668 4190
2669 1458
2669 4939
2670 1042
2673 3940
2674 2265
2676 4024
2678 1188
2682 1967
2684 517
2684 1840
2684 2762
2684 2841
2684 3087
2684 3320
2686 453
2686 4801
2687 760
2687 2288
2687 2576
2688 1472
2688 2259
2689 1329
2689 1486
2689 2077
2690 4507
2691 2988
2692 652
2692 1036
2692 4066
2692 4955
2693 3450
2697 2940
2698 742
2699 1168
2699 4231
2700 4283
2700 4718
2709 201
2709 3042
2711 3793
2712 139
2712 4511
2712 4822
2714 515
2714 1413
2715 2536
2717 2445
2718 3022
2720 4650
2720 4651
2722 3717
2726 3483
2730 3092
2732 2389
2732 3802
2732 4021
2734 4126
2735 3575
2736 204
2736 3422
2738 95
2739 275
2740 457
2742 1593
2743 1264
2743 2458
2743 4323
2744 940
2744 3013
2744 3536
2747 1838
2747 3612
2747 4304
2748 244
2748 1681
2750 1125
2750 2573
2751 2818
2758 3248
2758 3622
2759 4895
2760 2693
2761 4151
2762 4969
2763 3792
2764 304
2764 1052
2764 2136
2764 3628
2765 2850
2765 3548
2767 2133
2769 2365
2769 3273
2769 4649
2770 2914
2771 422
2773 3253
2776 2958
2776 4071
2777 1880
2778 2717
2779 1409
2779 2791
2779 4166
2779 4665
2780 2335
2780 4181
2782 1453
2783 1030
2786 2103
2787 2538
2787 3405
2788 2052
2788 4145
2789 2646
2792 2025
2793 4572
2794 3990
2795 190
2795 3843
2796 962
2796 3000
2799 1764
2799 3409
2805 4492
2809 136
2809 1308
2813 1443
2813 4510
2814 1772
2815 1002
2816 1037
2816 1195
2816 1975
2817 61
2817 4156
2821 888
2821 3324
2822 4475
2825 1370
2826 3178
2827 958
2827 3112
2828 3357
2831 552
2832 4124
2834 2843
2834 4958
2835 1450
2836 2737
2836 4587
2839 1938
2839 2314
2843 763
2845 2157
2846 4527
2847 3451
2848 3890
2849 657
2849 3219
2851 3886
2853 4885
2854 4799
2855 2862
2856 2231
2857 1844
2858 3209
2861 373
2861 2129
2861 2585
2861 4410
2861 4465
2863 3261
2864 1498
2865 1894
2866 1199
2867 207
2867 4045
2869 393
2869 1053
2870 196
2870 1689
2870 4322
2875 1630
2875 3758
2875 4824
2876 804
2876 3018
2878 1098
2878 1947
2878 4574
2879 3629
2879 3879
2879 3942
2881 124
2881 1847
2881 2569
2884 766
2885 218
2886 1675
2886 3513
2887 827
2887 2158
2887 4377
2888 2622
2890 3796
2892 4995
2893 3889
2893 4202
2894 1087
2895 3656
2900 1247
2900 1354
2900 4599
2901 4447
2904 643
2905 1067
2905 2411
2905 2629
2906 489
2908 2815
2910 3734
2912 1960
2912 4674
2914 217
2914 895
2914 4273
2918 1742
2918 2278
2918 4844
2919 223
2920 513
2922 3616
2924 425
2926 842
2926 1751
2926 2785
2926 3213
2927 2543
2927 3530
2928 4087
2929 278
2929 391
2929 3952
2930 2812
2930 4879
2931 948
2936 1122
2938 551
2943 1272
2945 610
2945 947
2946 3116
2947 2427
2947 2774
2947 3305
2947 4877
2948 1154
2949 398
2949 1163
2949 1980
2949 3746
2950 82
2950 387
2950 2742
2951 4458
2953 1107
2953 1888
2953 3141
2954 667
2954 1013
2955 725
2956 939
2958 1063
2959 650
2959 2409
2960 1444
2960 2444
2961 4778
2963 21
2963 1820
2963 4740
2965 900
2966 2817
2967 1500
2968 1934
2972 236
2973 186
2973 4488
2974 2306
2975 2235
2976 4536
2978 3777
2980 908
2981 1544
2982 3557
2984 2831
2985 2305
2985 4657
2988 4660
2993 803
2993 4482
2993 4505
2994 305
2994 4010
2996 1784
2996 3702
2996 4609
2997 579
2997 4815
2998 3812
2999 249
3000 3341
3001 2143
3001 4770
3002 1251
3002 1586
3003 677
3003 3362
3006 1647
3008 565
3008 887
3008 3151
3012 1386
3012 1862
3013 209
3013 3860
3014 4922
3015 4629
3016 1442
3016 4011
3016 4070
3018 379
3018 400
3019 593
3019 916
3019 2142
3021 603
3021 2974
3021 3711
3023 4901
3025 606
3027 1488
3029 2835
3031 1761
3031 3955
3031 4469
3033 988
3033 1319
3040 879
3041 4210
3042 1010
3042 1378
3043 2516
3046 26
3048 1542
3048 2448
3049 1269
3049 1718
3049 4390
3051 3899
3051 4238
3054 3817
3056 2565
3057 950
3057 4887
3058 4775
3060 1693
3061 4859
3063 3275
3063 3712
3063 4502
3064 4211
3067 4031
3068 3876
3070 2909
3071 2286
3071 4067
3072 2547
3072 4274
3073 724
3073 1496
3073 4144
3074 1471
3074 4388
3074 4727
3076 1734
3076 1893
3076 4871
3078 3414
3079 3370
3081 635
3081 811
3081 829
3081 3061
3081 3644
3081 4413
3082 1294
3085 7
3085 4430
3088 2883
3088 3580
3089 4106
3090 1966
3091 198
3091 4680
3096 2503
3097 1117
3098 561
3099 3460
3100 475
3100 1448
3101 2267
3101 2942
3102 2832
3103 815
3103 2374
3104 185
3104 1425
3104 1889
3105 2611
3110 1559
3111 239
3112 2969
3112 3356
3112 3610
3115 898
3115 943
3115 2349
3117 2709
3118 339
3118 378
3118 1902
3120 648
3120 4993
3121 1640
3121 4449
3121 4803
3122 3924
3126 2777
3127 3363
3127 4364
3128 4136
3128 4743
3129 853
3131 3105
3131 4455
3133 2515
3134 3200
3134 4601
3136 1235
3137 2635
3138 4937
3139 1176
3139 1643
3140 263
3140 1209
3140 2702
3142 3291
3143 3164
3145 314
3146 1950
3146 3093
3147 4378
3149 4
3151 3
3151 2284
3151 4335
3155 3883
3156 2647
3156 3201
3159 1182
3160 2126
3160 4093
3161 4566
3162 2473
3163 4198
3165 2228
3165 2326
3165 4266
3165 4586
3167 2614
3168 817
3168 2122
3169 3529
3173 2912
3173 3620
3174 2679
3175 4012
3177 2469
3177 3371
3178 1948
3179 3873
3179 4302
3179 4874
3181 1023
3181 1793
3181 2567
3182 1336
3183 3237
3185 3355
3190 808
3192 1590
3193 206
3193 413
3193 1202
3194 3339
3195 2893
3195 4111
3195 4412
3196 3565
3200 3768
3201 809
3201 1805
3201 3760
3202 1286
3205 4576
3210 4690
3213 2790
3216 2748
3218 210
3218 839
3219 1434
3220 578
3220 4948
3221 3149
3222 501
3225 3055
3226 1968
3226 4968
3227 749
3227 1225
3227 1824
3227 2919
3228 1224
3228 3732
3229 1132
3229 1727
3229 3618
3231 3204
3232 4434
3233 3992
3234 4936
3235 670
3238 2424
3238 2431
3238 4421
3239 2928
3239 4336
3239 4554
3242 1650
3242 3506
3242 3744
3244 3016
3245 234
3245 376
3245 995
3245 1900
3247 2789
3251 2412
3251 3426
3253 1109
3254 2984
3254 3376
3254 3589
3255 3857
3256 3520
3256 4185
3257 1553
3258 1267
3259 2853
3259 4733
3260 3186
3263 1303
3264 2011
3264 3180
3265 242
3265 735
3265 3579
3266 4462
3266 4907
3269 1922
3269 3707
3270 2954
3272 1390
3273 1415
3273 3875
3275 2396
3276 1076
3277 945
3277 1273
3277 2542
3277 4084
3279 3900
3281 695
3281 1867
3283 1131
3283 3114
3283 3419
3285 2277
3285 3331
3285 3358
3285 4174
3286 2274
3286 2298
3287 530
3288 1130
3288 4365
3293 2493
3293 3822
3294 3888
3294 4639
3298 462
3302 1777
3302 2224
3302 4538
3305 2487
3305 3235
3305 3243
3305 3338
3306 1080
3306 3906
3306 4085
3307 2475
3310 570
3310 1401
3312 468
3313 762
3315 596
3315 1359
3316 4078
3317 1565
3319 3463
3320 2966
3321 3415
3326 3649
3327 3832
3331 1607
3331 4313
3332 2581
3332 2980
3333 1965
3334 1078
3334 2821
3334 2891
3337 2244
3337 3194
3337 3551
3339 4730
3341 3912
3342 3276
3343 70
3343 553
3343 2734
3343 3292
3344 1190
3344 2639
3344 3599
3345 2079
3345 4391
3346 885
3346 3155
3348 969
3349 4635
3351 835
3351 1834
3354 3289
3358 4310
3359 229
3359 938
3359 3543
3360 480
3362 1152
3366 1230
3369 2442
3369 2953
3369 4119
3372 2719
3375 2807
3378 360
3378 4408
3379 1530
3382 4930
3383 1896
3383 4149
3383 4349
3384 1911
3384 3041
3386 4038
3387 38
3387 581
3387 4172
3388 1773
3388 2758
3389 3541
3392 1603
3392 3246
3394 2557
3396 840
3396 1356
3396 3915
3399 1992
3403 2387
3404 604
3404 3737
3405 3145
3405 4453
3405 4806
3405 4873
3406 203
3406 2392
3407 1517
3407 2927
3409 1394
3410 2885
3411 2159
3412 1138
3412 2788
3414 745
3414 3269
3415 993
3415 1249
3415 2649
3418 1097
3419 942
3419 2038
3422 1385
3423 4143
3425 792
3425 4009
3426 3480
3426 4006
3427 4540
3429 2867
3431 1268
3433 1260
3436 2519
3437 3972
3438 213
3438 4023
3439 4603
3440 2986
3440 3232
3441 3891
3442 3904
3443 126
3443 403
3444 2218
3446 802
3447 27
3447 857
3447 3319
3447 3326
3448 3668
3452 1997
3452 2381
3452 4158
3453 3574
3453 3968
3458 3637
3461 102
3461 4236
3463 1136
3463 1296
3463 1429
3466 2584
3467 3190
3468 714
3468 997
3468 3560
3470 3502
3472 246
3478 978
3478 1916
3478 2093
3478 3396
3484 4165
3485 3537
3485 3632
3487 883
3488 2020
3488 3753
3491 954
3491 2007
3492 2371
3493 2715
3494 321
3494 1757
3494 4996
3495 4494
3498 2605
3499 1318
3499 1789
3499 4516
3500 1962
3501 1571
3502 692
3502 4814
3505 1371
3506 2150
3507 682
3507 909
3507 2212
3508 544
3508 2539
3509 2028
3509 3971
3511 3788
3512 363
3512 1863
3512 2917
3512 3866
3513 214
3513 2015
3515 4745
3516 3871
3517 1658
3518 3029
3518 4318
3520 3555
3521 3658
3521 3803
3524 181
3524 782
3524 1420
3525 524
3525 3348
3525 4991
3528 686
3528 751
3528 1510
3528 1665
3530 3020
3532 1562
3532 1656
3532 3285
3532 4994
3534 3485
3534 4723
3535 2474
3537 1055
3537 2722
3538 4342
3538 4934
3539 3476
3539 4683
3540 2004
3540 3345
3540 4641
3541 627
3546 3009
3553 4230
3554 312
3558 404
3558 2099
3558 4020
3558 4573
3559 980
3559 4766
3560 873
3562 56
3564 1399
3564 1876
3566 2531
3568 3978
3568 4736
3570 3528
3571 4499
3572 4513
3572 4664
3572 4786
3575 2606
3576 2253
3576 2860
3576 3987
3577 2864
3578 1015
3578 2682
3580 1344
3582 897
3583 2336
3584 946
3585 841
3585 1646
3585 1924
3585 2195
3586 4358
3587 456
3587 3313
3587 4584
3589 4261
3590 4868
3595 4670
3597 2897
3598 358
3599 399
3599 407
3599 4945
3602 2055
3604 1730
3604 3283
3605 1845
3605 2747
3605 4178
3607 1550
3607 4646
3608 4027
3609 1231
3609 4825
3611 2690
3612 1368
3612 2102
3612 3893
3612 4625
3614 1279
3614 2033
3615 2994
3617 3623
3618 1462
3619 4667
3621 4102
3623 2433
3625 1421
3625 2669
3626 941
3626 3911
3628 2423
3629 1677
3629 4095
3630 1491
3630 4331
3630 4990
3632 1881
3634 713
3635 2064
3635 4329
3638 1054
3638 4581
3639 3381
3640 2239
3640 2347
3641 929
3641 2643
3644 1175
3644 2100
3644 3765
3644 3887
3646 4444
3646 4532
3646 4858
3646 4951
3647 4148
3648 225
3648 589
3648 1627
3648 2497
3648 3398
3649 1609
3650 3704
3651 482
3652 2866
3655 1600
3655 4891
3658 2779
3659 1775
3659 3321
3660 812
3660 3619
3661 1628
3662 2407
3662 4970
3664 612
3664 4086
3665 689
3665 785
3665 2009
3665 2311
3665 4262
3669 1533
3669 2970
3670 1798
3675 618
3675 732
3677 3455
3677 4834
3678 431
3678 1242
3679 1707
3679 2476
3680 3695
3682 621
3682 2699
3683 2723
3683 3329
3684 3669
3684 4079
3687 205
3688 2868
3691 80
3691 876
3692 3928
3692 4954
3693 3187
3695 826
3695 911
3695 2769
3695 2905
3695 3535
3695 4007
3698 3469
3698 4063
3699 1050
3700 1633
3700 3163
3700 3225
3700 3864
3701 1127
3701 1826
3701 2910
3701 4976
3702 2968
3702 4752
3704 3335
3704 4673
3707 108
3707 1666
3712 1089
3714 1861
3715 3654
3715 4082
3715 4371
3716 2434
3718 4260
3723 1618
3725 1051
3726 930
3728 3290
3729 4818
3731 1440
3731 3859
3738 2568
3738 3386
3739 1274
3739 3635
3740 2262
3740 2500
3741 4556
3742 10
3742 408
3742 4215
3745 2554
3747 4872
3748 311
3748 1531
3748 1719
3748 1971
3749 526
3750 325
3750 2879
3750 2930
3750 4693
3752 3587
3753 3367
3753 3719
3753 4842
3754 1102
3755 3983
3756 3224
3757 1219
3758 2526
3759 4710
3761 1345
3761 3775
3761 4486
3762 1119
3762 3196
3763 2086
3765 2402
3765 3993
3765 4742
3766 1204
3766 1760
3767 4626
3769 901
3769 2221
3770 2430
3772 1141
3772 4512
3772 4927
3773 3062
3774 402
3776 1121
3776 3625
3777 4117
3779 414
3779 622
3780 168
3780 3710
3781 1653
3781 4268
3782 512
3783 537
3783 4315
3784 1217
3785 2981
3785 3648
3785 3662
3785 3733
3785 4271
3786 1034
3789 1047
3789 2318
3790 2728
3793 1309
3795 329
3797 2616
3798 4965
3801 1682
3801 2985
3802 3038
3803 1776
3804 3217
3806 2686
3806 4096
3807 3882
3810 211
3813 93
3813 4530
3814 160
3814 1497
3814 4632
3815 3868
3817 4526
3818 315
3818 2030
3819 2329
3820 3593
3823 90
3825 4281
3827 1843
3828 801
3829 967
3829 1846
3829 2559
3830 3244
3831 144
3831 3260
3832 1599
3832 4171
3833 1185
3834 2957
3835 1769
3835 1914
3836 2128
3836 2532
3837 1686
3837 4046
3839 1003
3840 4797
3841 237
3841 3577
3845 6
3845 4692
3846 485
3846 2435
3846 3216
3847 968
3847 2863
3851 3468
3851 4168
3852 2399
3852 4682
3853 3159
3854 3302
3854 4197
3856 4776
3857 865
3857 2089
3857 4860
3858 1753
3860 1898
3861 3863
3862 101
3862 335
3862 3841
3864 1221
3864 1796
3864 4630
3865 2260
3865 4767
3866 1506
3866 4899
3867 116
3868 100
3868 1985
3868 4764
3869 3080
3871 1747
3873 1365
3874 253
3875 1349
3875 1994
3875 4133
3876 3496
3879 847
3880 1614
3880 2450
3882 2140
3883 1513
3885 1755
3887 1588
3889 1284
3889 4173
3889 4997
3893 2085
3893 2160
3894 1623
3894 2798
3896 2512
3897 439
3897 613
3899 2144
3899 2146
3899 4796
3902 4823
3903 4811
3904 2242
3905 4386
3911 3885
3912 4374
3915 1375
3915 4604
3918 3131
3919 2346
3919 3192
3921 1483
3922 999
3927 2935
3928 3934
3928 4461
3930 4585
3933 2871
3934 662
3934 666
3934 3230
3937 1404
3938 2198
3939 411
3939 2485
3940 699
3941 3152
3943 262
3943 3069
3944 432
3945 3872
3946 4224
3947 3158
3948 1142
3954 1001
3954 3858
3954 4075
3957 452
3958 2618
3963 1706
3963 3454
3963 3755
3965 2556
3965 4034
3965 4383
3967 972
3968 4915
3969 3280
3969 3452
3972 597
3972 3101
3974 1372
3975 3044
3975 4485
3976 130
3976 4966
3978 4301
3978 4549
3979 2767
3980 248
3980 4175
3981 1290
3982 637
3982 976
3983 3602
3984 293
3984 1276
3984 2324
3984 3334
3985 208
3985 1728
3985 2873
3986 777
3987 4189
3987 4974
3988 868
3988 1743
3999 259
3999 2404
4000 19
4000 2241
4001 54
4001 4348
4001 4729
4003 1726
4005 188
4006 65
4006 1996
4007 1899
4007 4545
4008 111
4009 1495
4010 68
4010 1406
4010 1860
4011 2441
4014 2595
4015 2421
4016 72
4017 1379
4018 4416
4019 716
4020 640
4021 1061
4026 2301
4026 2529
4027 3132
4028 4689
4029 1856
4029 2508
4030 1145
4030 4300
4031 1725
4032 87
4032 2987
4033 4918
4034 1577
4034 4774
4035 3666
4037 1715
4038 586
4038 2478
4040 1384
4040 2561
4044 1981
4044 4015
4045 774
4046 129
4047 1602
4049 2992
4050 756
4053 86
4053 2256
4053 3558
4057 2162
4059 4896
4062 3905
4063 4655
4064 4321
4066 1973
4067 4973
4069 1158
4069 4083
4071 1278
4072 23
4072 1193
4072 1515
4075 1071
4078 4278
4079 3946
4080 1738
4080 3115
4081 531
4082 2439
4083 4845
4085 273
4086 138
4086 1201
4086 1361
4086 2465
4088 1074
4088 2302
4088 2698
4089 1672
4091 2833
4091 4986
4092 3766
4094 2582
4095 1000
4095 1393
4095 2718
4096 1721
4096 2261
4097 1144
4098 4888
4102 2337
4103 1367
4103 1459
4103 1799
4105 1133
4107 451
4107 1791
4107 2206
4108 3603
4110 845
4111 119
4112 1492
4114 4916
4115 3333
4117 2849
4118 532
4118 4553
4119 1908
4119 4855
4121 1270
4122 390
4123 1215
4123 3743
4123 4080
4125 1005
4125 2617
4127 1213
4129 75
4129 2000
4130 761
4131 1545
4133 1919
4133 2046
4138 2287
4139 251
4139 4298
4142 2209
4142 3162
4142 4370
4142 4932
4143 961
4143 2019
4143 4420
4144 1763
4146 1801
4148 4537
4150 380
4151 672
4151 2156
4153 881
4153 4091
4153 4992
4154 4060
4155 345
4156 423
4156 1423
4158 4562
4159 1038
4162 2379
4164 2859
4165 1936
4166 2213
4166 3495
4167 658
4167 1487
4167 4695
4168 726
4168 1355
4168 2496
4168 3979
4168 4471
4169 1233
4171 4728
4173 2087
4174 446
4175 2624
4176 1956
4177 2134
4178 2384
4179 2072
4182 3067
4184 1974
4184 3804
4185 2677
4185 3202
4185 4101
4186 1179
4187 3437
4188 3466
4189 2415
4191 81
4192 914
4193 4942
4198 474
4199 2344
4200 1663
4201 1140
4201 4981
4202 3089
4204 1940
4204 3519
4205 271
4205 3210
4208 371
4208 4716
4209 550
4212 2251
4212 4426
4213 2044
4213 2292
4215 1028
4215 4001
4217 3017
4218 1433
4219 4645
4220 1737
4221 4257
4221 4698
4222 484
4222 3531
4222 4917
4223 3782
4224 786
4224 2908
4224 3527
4224 4107
4225 4041
4226 3809
4228 3268
4230 1907
4234 2483
4234 3001
4236 2929
4236 4819
4239 1366
4241 16
4241 96
4241 460
4241 620
4241 970
4241 2555
4241 3428
4244 2355
4246 4798
4249 542
4249 3929
4251 2363
4251 2856
4252 3058
4253 2730
4255 4381
4256 15
4256 4120
4257 4850
4258 3730
4259 1021
4259 1785
4262 1749
4262 1890
4263 1812
4264 4004
4264 4227
4266 4353
4267 1447
4267 4161
4268 1315
4268 4760
4270 169
4271 2949
4272 4013
4273 3499
4276 4908
4277 1913
4278 1086
4278 1885
4278 2572
4279 896
4280 436
4280 663
4281 4049
4282 1395
4282 3836
4283 3023
4290 2050
4290 4378
3149 3221
3151 4335
3152 3941
3155 3346
3155 3883
3156 3201
3156 4332
3158 3947
3159 3853
3160 4093
3161 4566
3162 4142
3163 3700
3163 4198
3165 4266
3165 4586
3167 4455
3169 3529
3170 4397
3173 3620
3175 4012
3177 3371
3177 4957
3179 3873
3179 4302
3179 4874
3180 3264
3182 4463
3183 3237
3185 3355
3186 3260
3187 3693
3190 3467
3191 4558
3192 3919
3194 3337
3194 3339
3195 4111
3195 4412
3196 3565
3196 3762
3200 3768
3201 3760
3202 4185
3204 3231
3205 4576
3210 4205
3210 4690
3216 3846
3217 3804
3220 4948
3224 3756
3225 3700
3226 4968
3228 3732
3229 3618
3230 3934
3231 4660
3232 3440
3232 4434
3233 3992
3234 4901
3234 4936
3235 3305
3238 4421
3239 4336
3239 4554
3242 3506
3242 3744
3243 3305
3244 3830
3245 4362
3246 3392
3249 4300
3251 3426
3254 3589
3255 3857
3256 3520
3256 4185
3259 4733
3260 3831
3264 4444
3265 3579
3266 4462
3266 4476
3266 4907
3268 4228
3269 3414
3269 3707
3270 4696
3272 4387
3273 3875
3276 3342
3277 4084
3277 4840
3278 4860
3279 3900
3280 3969
3283 3419
3283 3604
3285 3331
3285 3358
3285 3532
3285 4174
3288 4365
3289 3354
3290 3728
3292 3343
3293 3822
3294 3888
3294 4639
3302 3854
3302 4538
3305 3338
3306 3906
3306 4085
3313 3587
3316 4078
3319 3447
3319 3463
3321 3415
3321 3659
3322 4445
3326 3447
3326 3649
3327 3832
3329 3683
3331 4313
3332 4959
3333 4115
3334 3984
3335 3704
3336 4334
3337 3551
3339 4730
3341 3912
3343 4994
3344 3599
3345 3540
3345 4391
3348 3525
3349 4635
3352 4399
3358 4310
3359 3543
3365 4431
3367 3753
3369 4119
3374 4768
3378 4408
3381 3639
3382 4930
3383 4149
3383 4349
3386 3738
3386 4038
3387 4172
3389 3541
3389 4948
3393 4769
3394 4978
3396 3478
3396 3915
3398 3648
3400 4862
3404 3737
3404 4430
3405 4453
3405 4806
3405 4873
3413 4709
3417 4918
3418 4908
3420 4430
3423 4143
3425 4009
3426 3480
3426 4006
3427 4540
3428 4241
3435 4689
3436 4641
3437 3972
3437 4187
3438 4023
3439 4603
3440 4785
3441 3891
3442 3904
3444 4859
3446 4857
3448 3668
3452 3969
3452 4158
3453 3574
3453 3968
3454 3963
3455 3677
3458 3637
3461 4236
3466 4188
3468 3560
3468 3851
3469 3698
3470 3502
3470 4636
3476 3539
3479 4610
3484 4165
3485 3534
3485 3537
3485 3632
3488 3753
3493 4606
3494 4996
3495 4166
3495 4494
3496 3876
3499 4273
3499 4516
3502 4814
3503 4629
3509 3971
3509 4952
3510 4882
3511 3788
3512 3866
3512 4759
3515 4745
3516 3871
3516 4779
3518 4318
3519 4204
3520 3555
3521 3658
3521 3803
3525 4991
3527 4224
3528 3570
3531 4222
3532 4994
3533 4777
3534 4723
3535 3695
3538 4342
3538 4934
3539 4683
3540 4641
3545 4719
3546 4431
3553 4230
3558 4020
3558 4053
3558 4573
3559 4766
3561 4670
3568 3978
3568 4736
3569 4672
3570 4865
3571 4499
3571 4900
3572 4513
3572 4664
3572 4786
3572 4959
3576 3987
3577 3841
3586 4358
3587 3752
3587 4584
3589 4261
3590 4868
3593 3820
3595 4670
3599 4945
3601 4821
3602 3983
3603 4108
3605 4178
3607 4646
3608 4027
3609 4825
3611 4970
3612 3893
3612 4625
3614 4759
3617 3623
3619 3660
3619 4667
3621 4102
3625 3776
3626 3911
3629 4095
3630 4331
3630 4990
3634 4976
3635 3739
3635 4329
3638 4581
3639 4884
3643 4327
3644 3765
3644 3887
3645 4881
3646 4444
3646 4532
3646 4858
3646 4951
3647 4148
3648 3785
3650 3704
3651 4755
3654 3715
3655 4891
3660 4952
3662 3785
3662 4970
3663 4403
3664 4086
3665 4262
3666 4035
3669 3684
3672 4877
3677 4834
3677 4986
3680 3695
3683 4740
3684 4079
3687 4900
3688 4727
3691 4393
3692 3928
3692 4954
3695 4007
3697 4494
3698 4063
3700 3864
3700 4406
3701 4413
3701 4976
3702 4752
3704 4673
3706 4446
3710 3780
3715 4082
3715 4371
3715 4393
3718 4260
3719 3753
3722 4437
3725 4361
3727 4425
3729 4818
3730 4258
3731 3859
3731 4883
3733 3785
3736 4742
3741 4556
3742 4215
3743 4123
3747 4872
3749 4545
3750 4693
3753 4842
3754 4803
3755 3963
3755 3983
3759 4710
3761 3775
3761 4380
3761 4486
3764 4362
3765 3993
3765 4742
3766 4092
3767 4626
3772 4512
3772 4927
3777 4117
3778 4655
3779 4904
3781 4268
3781 4459
3782 4223
3783 4315
3785 4271
3797 4977
3798 4965
3799 4742
3804 4184
3806 4096
3807 3882
3807 4424
3809 4226
3811 4703
3813 4463
3813 4530
3814 4632
3815 3868
3815 4422
3817 4526
3820 4708
3823 4904
3825 4281
3825 4637
3832 4171
3836 4282
3837 4046
3838 4433
3840 4797
3841 3862
3845 4692
3846 4620
3848 4493
3849 4652
3851 4168
3852 4682
3854 4197
3856 4776
3857 4860
3858 3954
3861 3863
3864 4630
3865 4767
3866 4899
3868 4764
3872 3945
3875 4133
3885 3911
3889 4173
3889 4997
3897 4603
3899 4796
3901 4732
3902 4823
3903 4811
3903 4873
3905 4062
3905 4386
3912 4374
3913 4900
3915 4604
3918 4663
3919 4813
3928 3934
3928 4461
3929 4249
3930 4444
3930 4585
3931 4659
3946 4079
3946 4224
3947 4646
3950 4699
3954 4075
3954 4732
3956 4912
3964 4432
3965 4034
3965 4383
3968 4915
3969 4595
3975 4485
3976 4966
3977 4804
3978 4301
3978 4549
3979 4168
3980 4175
3980 4833
3987 4189
3987 4974
3991 4698
3999 4334
4000 4665
4001 4215
4001 4348
4001 4729
4004 4264
4007 4545
4013 4272
4014 4679
4015 4044
4018 4416
4019 4390
4028 4689
4028 4882
4030 4300
4030 4578
4033 4918
4034 4774
4041 4225
4049 4281
4054 4724
4059 4896
4060 4154
4062 4342
4063 4655
4064 4321
4067 4973
4068 4735
4069 4083
4069 4590
4078 4278
4080 4123
4083 4845
4088 4412
4090 4678
4091 4153
4091 4986
4094 4322
4098 4888
4101 4185
4104 4988
4107 4224
4113 4452
4114 4916
4116 4756
4118 4553
4119 4855
4120 4256
4123 4794
4128 4839
4132 4552
4135 4560
4139 4298
4142 4370
4142 4932
4143 4420
4148 4537
4153 4371
4153 4992
4158 4562
4160 4788
4161 4267
4167 4695
4168 4471
4171 4728
4186 4672
4192 4558
4193 4942
4194 4809
4196 4513
4201 4673
4201 4981
4208 4716
4208 4929
4212 4426
4212 4450
4214 4405
4219 4645
4221 4257
4221 4698
4222 4917
4223 4852
4225 4647
4226 4732
4227 4264
4232 4492
4234 4575
4236 4819
4242 4698
4243 4781
4246 4798
4255 4381
4257 4850
4263 4857
4266 4353
4268 4760
4276 4908
4277 4590
4280 4989
4294 4711
4298 4880
4302 4714
4307 4526
4319 4999
4322 4636
4325 4343
4327 4722
4330 4908
4335 4790
4338 4506
4338 4658
4338 4886
4342 4404
4347 4619
4347 4952
4354 4771
4356 4862
4362 4719
4367 4414
4368 4865
4380 4397
4380 4598
4382 4495
4387 4907
4394 4533
4394 4708
4395 4851
4403 4931
4403 4971
4409 4777
4410 4611
4417 4820
4424 4960
4427 4935
4429 4547
4431 4894
4433 4553
4437 4791
4450 4606
4451 4617
4458 4595
4467 4840
4467 4889
4468 4816
4470 4757
4478 4557
4484 4878
4487 4544
4489 4742
4496 4772
4497 4627
4512 4590
4517 4741
4519 4699
4523 4687
4529 4787
4529 4933
4538 4950
4540 4668
4540 4854
4542 4805
4548 4584
4551 4740
4552 4765
4558 4875
4563 4761
4580 4986
4587 4967
4590 4643
4603 4739
4611 4952
4613 4691
4616 4652
4619 4624
4623 4761
4629 4840
4633 4951
4636 4731
4639 4687
4644 4816
4653 4658
4679 4929
4685 4810
4696 4849
4696 4883
4720 4997
4745 4941
4777 4813
4779 4857
4785 4864
4796 4919
4800 4967
4808 4854
4820 4953
4820 4985
4826 4905
4832 4962
4837 4905
4846 4913
4876 4947
4892 4937
4926 4988
4935 4982
