704829
4999
0 2478
1 987
1 4199
2 1082
3 3486
4 2260
4 2657
4 3800
4 4033
6 2506
7 1922
12 2138
19 2664
20 2407
20 4617
21 1998
22 3229
22 3948
23 1200
23 3536
23 3981
24 1812
26 1093
26 1597
28 138
28 598
29 3942
30 1546
30 2360
32 927
32 1920
33 1417
33 2273
33 3185
35 153
35 3288
35 4369
37 2383
37 4998
40 106
40 1717
40 1815
40 2327
40 3378
41 1394
42 216
43 961
43 2190
45 3896
46 3246
48 3611
51 2987
52 373
54 3283
55 344
55 1444
56 676
56 3103
57 291
58 643
59 2454
59 3721
60 3346
63 1126
67 1340
67 3168
68 403
68 967
69 1528
70 3149
71 1471
71 4661
72 4919
73 4767
75 3529
76 1962
77 105
78 500
78 1152
78 2286
78 2575
78 3999
79 4220
85 3566
85 3693
86 4269
88 553
88 1085
89 2843
90 929
92 1603
92 1923
92 3252
92 4640
94 262
94 4967
95 1904
97 3332
97 3938
98 266
100 2491
101 2352
101 4868
103 1949
103 3156
104 1702
106 3121
109 677
110 331
110 1719
110 3669
110 4098
113 1553
114 2635
114 4775
117 4183
119 1886
121 499
121 4566
122 3957
122 4099
122 4396
123 4106
125 545
126 377
126 672
126 2028
126 2141
126 3656
126 3839
126 3993
126 4097
126 4476
127 669
127 4178
127 4530
131 3320
131 3823
132 2381
136 1856
137 3638
138 2254
139 2369
140 3298
141 1248
142 2654
143 3949
144 2912
144 3345
144 3397
144 3929
145 3680
147 2602
150 2495
150 3622
150 4711
151 2838
152 518
152 4685
155 858
155 3834
156 1051
157 4912
161 1240
161 3053
164 513
164 4227
165 614
165 3238
168 4304
170 1763
170 4763
171 1592
175 783
175 1734
176 832
176 1443
180 1001
182 132
182 3187
185 3921
187 559
187 3549
187 4113
187 4892
188 1957
189 355
189 4295
193 267
193 2016
194 3039
195 89
195 1382
195 2863
196 2894
197 2419
198 804
200 2600
201 1608
201 2829
202 4908
204 740
204 831
206 126
208 613
208 3485
209 334
209 3092
212 1464
212 2027
213 1970
213 3861
215 306
215 2421
215 3146
216 1937
218 1025
218 4382
218 4403
219 2122
219 4840
220 149
220 1874
223 2937
226 4978
227 2866
228 1806
228 2101
228 4440
229 76
229 301
229 4247
230 4442
234 1628
236 2632
237 4670
243 1109
246 3743
247 4956
248 183
249 3652
250 2777
251 122
251 323
251 2129
252 524
252 1781
253 3695
254 1799
255 4377
255 4657
256 2303
261 2274
262 683
262 3176
265 3141
267 2314
267 4906
269 2115
271 1244
271 4400
272 586
272 3402
273 4010
277 4935
278 2019
279 546
280 3901
281 2471
282 3293
283 2542
285 4641
286 970
287 460
287 819
287 1489
287 2620
287 3853
288 662
292 3845
293 2121
296 2997
297 84
297 4174
302 4435
303 1316
304 3272
306 2318
306 4616
308 1437
309 1366
309 3041
311 4140
312 287
312 716
312 2313
312 3493
312 4623
313 2591
314 753
314 1081
316 95
316 2590
317 3978
318 1061
318 1756
319 2111
320 1157
320 1924
321 4135
322 763
323 92
323 3547
324 4344
325 2355
327 279
327 1271
329 1279
331 440
331 1484
331 2269
332 1336
332 1660
334 400
334 1794
334 3684
336 4712
337 2862
337 3503
339 3222
339 3263
339 3729
339 4332
341 328
341 4346
342 3221
345 4974
346 4378
349 3269
350 411
352 1561
352 3502
353 808
353 3061
356 2859
356 3760
357 61
357 2213
357 4393
360 1285
364 2415
365 930
365 3618
366 668
367 1663
367 2218
368 1548
369 759
369 4693
373 4686
374 1222
374 4490
376 4942
377 107
377 2441
377 3714
380 4744
383 1530
383 3513
384 2550
387 1341
388 4034
389 4656
390 653
390 3341
391 453
391 1613
391 3478
392 2090
393 502
393 549
393 1896
395 4327
396 3319
396 4296
397 4226
399 3274
400 2560
401 4827
402 1727
403 2403
404 1934
405 3697
409 1197
411 2853
411 3105
412 293
412 2061
413 1520
413 3314
413 3448
414 2361
416 4152
419 1009
420 3906
421 906
421 2401
425 4399
426 617
426 1124
426 1418
426 2535
427 2546
428 3392
428 4210
429 394
430 3282
433 2004
434 4835
435 269
437 1732
437 4418
437 4639
439 2865
442 3679
442 3976
442 4445
443 1168
443 2476
443 2753
443 4638
444 887
446 392
448 380
448 3129
451 1134
451 3639
452 25
452 1311
452 1319
452 3017
453 1283
454 180
454 2956
454 3497
454 4314
457 1909
457 2152
457 2224
459 756
459 762
459 1555
460 24
460 4408
461 1704
463 2684
463 4817
464 3807
470 548
472 3700
472 4062
475 3565
476 4646
477 1972
478 2896
479 1349
479 2044
479 2817
481 2085
483 4363
485 825
485 2496
485 4496
486 1790
486 3401
488 2782
491 1424
491 2708
491 3330
493 2082
493 4524
494 4721
495 4193
497 2882
498 367
498 2690
498 2737
500 684
500 2335
501 4655
502 635
502 681
502 4689
503 2178
504 4290
505 2688
508 4056
509 290
509 3891
512 4221
512 4858
513 593
513 2706
513 4503
515 1261
517 1423
526 3926
526 4713
532 1249
533 119
534 4844
535 4108
535 4477
536 1726
537 1198
539 3854
539 4388
541 3316
542 3586
546 602
546 1381
547 631
547 4592
552 4899
556 3300
557 1247
557 1505
558 1653
559 2593
559 4849
560 1570
562 1181
562 2380
563 404
563 3615
566 1158
566 1454
566 2864
567 4750
573 1703
574 784
574 1280
575 731
576 3645
577 4259
578 972
579 3710
580 1119
580 3577
581 2848
585 969
585 4535
586 1564
588 1521
589 165
589 3164
589 4340
590 168
590 1930
591 13
594 4088
595 569
595 3514
595 4589
597 4869
600 2098
601 3808
602 115
602 936
604 3349
606 4016
607 4059
608 1654
609 81
609 4320
610 3432
611 452
611 1695
611 3553
611 3764
612 73
612 1976
613 3621
614 3438
615 1892
616 1184
617 3867
619 1558
620 3567
621 1539
621 4470
622 775
625 2765
627 3230
631 1313
631 2216
632 2060
633 966
634 2367
634 2436
634 4761
635 246
635 1045
636 2562
636 2672
637 405
637 2449
637 3188
637 3685
637 4902
639 888
639 4529
640 2118
640 2779
640 4603
641 2839
643 3902
643 4625
644 4914
648 1977
648 2880
648 4404
649 1975
649 3360
650 3056
652 3014
652 4014
652 4809
653 4609
655 30
655 1310
655 4999
656 661
656 1289
656 3005
656 3094
659 3604
660 2522
661 2265
663 2236
663 4838
664 803
665 1210
667 912
667 3850
668 3634
671 3818
672 3918
673 338
673 1037
673 3047
674 2820
675 3375
679 3087
684 802
686 1462
687 1819
690 3625
691 1395
691 2207
691 4395
692 2290
692 3659
693 1229
693 1926
694 1987
695 1086
696 688
696 3837
697 3846
698 3147
699 2174
700 1562
704 4391
705 471
705 2145
706 3662
711 2106
712 2757
713 4578
713 4752
717 911
718 4165
719 4257
719 4311
720 4105
720 4334
722 3383
730 861
731 4454
732 1708
733 3435
734 1843
734 4627
735 4662
736 2371
739 3376
740 4508
741 1591
742 629
744 3720
749 636
751 1110
751 1426
754 4709
755 2288
757 318
757 1786
758 4144
761 3585
761 4284
764 1357
767 53
769 1534
769 3811
770 4355
773 4624
774 3722
774 4409
775 2170
776 245
777 4299
778 2961
779 201
779 1834
781 224
783 311
784 828
785 1307
785 4626
786 4983
787 2514
789 3494
789 3987
790 1935
791 1898
792 137
792 4813
793 1512
793 2644
793 4354
794 4154
796 1439
796 3135
796 4874
798 4800
801 792
805 2356
806 3998
807 2054
807 2520
808 91
810 3723
812 3775
812 4019
813 4785
814 2909
815 2026
815 4515
817 2895
818 4416
818 4965
823 990
823 1253
825 4746
827 3192
827 3827
828 1486
831 97
831 2577
835 3076
836 2518
836 3218
836 3897
837 699
837 2794
837 4456
838 1816
838 4128
842 3
842 1973
842 2295
842 2923
843 418
844 3650
845 1893
845 4472
846 4668
848 2164
848 2726
849 3631
852 3043
852 3049
854 68
854 3663
855 1314
857 1612
857 4893
858 295
858 3583
860 609
860 4938
861 1301
861 2428
863 1304
864 886
865 85
865 2962
866 435
866 1062
867 3223
868 2176
870 1605
871 4008
872 1387
876 3471
878 754
878 2062
879 157
881 2466
884 2967
885 2245
886 2610
886 3910
886 4425
887 1318
887 1590
890 1183
892 3251
895 3406
895 4516
896 1282
898 522
898 2132
899 1637
899 2281
900 1288
901 2234
902 4213
903 826
905 3630
906 4380
907 1616
907 4337
908 151
909 386
909 3268
909 4606
911 1483
911 4977
913 922
914 235
914 1010
915 585
915 4510
917 485
918 514
918 1777
919 2160
920 1458
921 322
921 4124
924 678
924 998
926 1219
926 1795
926 4480
928 3844
930 3037
930 3588
931 3879
933 358
933 3916
935 4452
936 4684
937 995
937 1272
937 2622
938 4357
939 1755
940 1070
940 1129
942 1565
942 3447
942 4184
943 2871
943 3741
943 4131
944 2628
946 1257
949 2995
950 1140
950 1602
950 4070
952 1499
953 687
955 530
955 725
956 121
956 1375
956 2874
956 3012
957 240
957 1407
957 1880
957 4374
957 4808
959 4492
960 1583
960 4455
964 3307
965 1172
965 4177
967 1076
968 4200
970 1518
971 4459
971 4842
971 4979
972 3285
973 46
973 1027
975 3465
975 3591
976 3059
977 2056
978 176
978 3339
980 2465
981 4047
983 2627
984 3219
985 1139
985 4696
986 4701
989 2435
989 2603
989 3776
992 909
992 3975
993 2640
995 1038
997 619
997 2057
999 3343
1001 342
1001 2683
1001 4493
1003 534
1003 3813
1003 4952
1005 2483
1005 3817
1005 4125
1010 1410
1010 2769
1010 4783
1011 335
1011 3130
1011 4575
1012 555
1012 2211
1013 3318
1013 4757
1013 4860
1014 1034
1014 2716
1014 4146
1017 4622
1017 4719
1018 1194
1022 3959
1023 2391
1025 2936
1026 2196
1027 3007
1027 4050
1028 2647
1028 2653
1028 4873
1029 528
1029 2417
1029 3802
1029 4875
1030 2080
1030 3961
1032 2642
1033 1651
1034 4517
1037 850
1038 2317
1038 3027
1039 3629
1039 4861
1040 186
1040 865
1040 1482
1043 1678
1045 4569
1048 329
1048 758
1048 3963
1051 2217
1051 2809
1053 4260
1053 4595
1054 4
1054 1199
1054 1368
1054 2390
1054 3709
1056 1300
1058 3635
1061 1344
1063 2557
1063 3527
1063 3789
1066 2900
1066 3651
1066 3927
1066 4735
1067 1260
1067 2336
1068 3739
1069 4552
1070 1251
1075 1046
1075 4804
1075 4870
1078 1400
1079 3035
1082 3033
1084 503
1084 1224
1084 2825
1087 2827
1089 4065
1091 71
1091 375
1091 1440
1091 3000
1092 3335
1095 3029
1098 896
1099 3142
1101 1679
1101 2029
1102 924
1102 1899
1102 4428
1103 3060
1103 3122
1106 1245
1107 43
1107 77
1107 3224
1108 417
1108 2064
1109 4587
1110 2970
1110 3705
1110 4076
1111 670
1111 3461
1111 3593
1111 3966
1112 744
1112 1032
1112 1927
1113 2678
1115 650
1117 203
1117 2615
1117 3732
1117 3761
1118 3002
1119 272
1119 319
1119 4548
1122 1905
1122 3965
1122 4373
1123 2114
1123 2154
1123 4253
1124 3750
1125 10
1127 3528
1133 2707
1134 4920
1135 368
1135 488
1135 1504
1135 3671
1137 1598
1137 2282
1137 3883
1138 96
1139 1203
1140 3945
1142 1363
1143 182
1143 1545
1143 2071
1144 1990
1144 3081
1145 1944
1145 2397
1145 3526
1146 1984
1148 2270
1149 806
1150 2712
1152 1751
1152 4366
1156 1715
1156 4537
1157 2342
1157 4151
1158 1078
1158 1758
1158 3982
1159 1425
1159 3608
1159 3703
1160 4825
1161 547
1161 1627
1163 4963
1164 2323
1166 3512
1167 15
1168 492
1168 706
1168 745
1168 1509
1168 2837
1171 992
1171 2513
1173 3107
1173 4217
1174 383
1174 603
1174 1529
1175 4116
1177 260
1177 2770
1179 599
1179 1918
1179 2199
1179 4736
1179 4896
1180 3472
1180 4046
1181 2135
1182 4850
1184 891
1185 654
1186 1818
1186 3271
1188 1688
1190 3052
1191 2086
1193 1230
1193 3278
1194 618
1194 2434
1195 1515
1196 48
1196 1297
1197 3191
1199 846
1199 4117
1200 3617
1202 3974
1208 1073
1210 120
1211 3835
1211 4265
1212 1132
1213 788
1213 2413
1214 341
1214 3969
1215 3922
1215 4188
1219 102
1220 3011
1221 1544
1221 3410
1223 3908
1224 2729
1225 444
1225 477
1225 3971
1227 781
1227 1178
1227 2039
1227 4511
1228 1568
1228 3887
1231 3649
1232 3369
1233 4017
1235 2014
1236 1008
1236 1552
1236 4112
1236 4677
1237 4266
1241 1362
1241 2840
1241 3415
1242 703
1242 1772
1244 3814
1248 4913
1249 3179
1252 4610
1253 374
1253 4937
1254 2709
1256 2472
1261 2347
1263 298
1265 2001
1265 2136
1265 4498
1267 3064
1270 169
1270 2925
1272 3373
1274 1080
1275 928
1276 2868
1278 2886
1279 527
1279 3276
1280 2153
1285 141
1285 3892
1286 4387
1286 4671
1288 285
1288 4190
1289 1468
1290 232
1292 4303
1294 461
1295 3516
1295 3534
1296 4544
1297 3123
1298 512
1299 1052
1299 2267
1300 645
1300 720
1300 1063
1301 2969
1301 4292
1304 2749
1305 3804
1306 1474
1306 2276
1306 3848
1307 595
1307 3782
1308 1055
1309 289
1310 3898
1311 915
1313 1852
1315 1373
1315 2982
1317 675
1317 2053
1317 2878
1318 226
1319 2960
1320 268
1322 446
1324 732
1325 3920
1327 4013
1328 1569
1330 3865
1331 2097
1332 3284
1334 72
1334 708
1337 3391
1337 4350
1338 1371
1338 2125
1341 2985
1345 2724
1345 3792
1346 2477
1348 2258
1348 3244
1348 4957
1351 4865
1351 4917
1352 1889
1352 2096
1354 2184
1354 4597
1355 3075
1355 4681
1356 4321
1357 2798
1359 615
1359 4501
1360 3490
1362 782
1362 4733
1364 1581
1364 1639
1365 2181
1365 3488
1368 800
1368 2637
1369 1490
1370 223
1371 749
1371 2750
1371 3257
1372 2409
1375 1384
1376 2718
1377 2411
1378 4313
1378 4811
1379 494
1381 4205
1381 4564
1382 2187
1383 1434
1383 3068
1385 2241
1386 4410
1387 4572
1388 379
1388 1074
1395 4652
1398 1111
1398 2819
1402 919
1402 3128
1404 1682
1404 2687
1404 3858
1405 1888
1406 225
1408 238
1408 3907
1410 283
1410 2316
1410 4176
1413 4306
1413 4759
1414 1235
1416 577
1416 634
1416 2075
1416 4960
1418 468
1420 347
1420 413
1420 3572
1420 4985
1421 621
1421 1472
1422 3735
1426 3226
1427 954
1427 1801
1427 2811
1428 1488
1429 2142
1429 2994
1432 2499
1432 3890
1434 286
1434 4994
1435 381
1438 1537
1438 2237
1438 2453
1441 735
1442 934
1442 1847
1444 3143
1445 498
1445 889
1445 3468
1447 4121
1447 4773
1448 18
1448 1160
1448 2526
1448 3510
1450 1636
1450 2099
1450 4823
1451 1606
1452 4876
1454 597
1454 3702
1455 2363
1458 2287
1458 2983
1458 3717
1459 1445
1459 2631
1459 2930
1460 189
1462 1749
1464 3986
1465 3125
1465 3576
1465 4007
1467 4697
1469 1427
1469 3338
1471 3738
1473 443
1473 1035
1473 1701
1473 3832
1474 4383
1475 4263
1478 1049
1479 4457
1487 304
1490 2045
1491 1412
1491 3443
1491 4691
1491 4747
1492 738
1492 807
1494 1744
1494 4004
1495 345
1495 626
1496 3619
1496 4955
1497 1969
1497 3390
1502 148
1502 3609
1503 1954
1504 1207
1504 4519
1505 2112
1507 3967
1508 369
1508 1019
1508 1225
1509 1246
1509 2228
1510 1911
1511 4483
1512 2012
1513 316
1513 1003
1515 607
1519 1481
1519 3884
1520 4731
1521 882
1525 1851
1525 3001
1526 1475
1526 4042
1527 2253
1529 2559
1529 2730
1530 3108
1530 3571
1532 2215
1532 2668
1534 303
1535 274
1535 809
1537 4323
1537 4863
1539 947
1539 1059
1541 733
1541 3446
1541 4244
1542 1964
1542 4867
1544 88
1545 2660
1546 1693
1547 1208
1550 4481
1551 4006
1552 4676
1553 2445
1553 4370
1555 2430
1555 3985
1557 481
1558 2188
1559 1420
1559 2126
1559 2326
1559 3013
1560 1098
1561 2179
1564 649
1564 3555
1565 3952
1565 4268
1566 717
1566 4905
1567 2907
1567 3642
1567 3944
1568 871
1569 3381
1571 2549
1573 1698
1575 1171
1575 4087
1575 4231
1576 2468
1578 1048
1582 2890
1583 2646
1583 2762
1583 3628
1584 540
1585 2813
1586 2624
1587 1146
1587 1334
1587 1479
1587 3030
1588 3110
1589 160
1589 354
1590 2257
1591 242
1591 1692
1594 273
1594 1042
1594 2144
1597 3523
1599 237
1602 2375
1602 2831
1602 3664
1602 3737
1603 2183
1604 2348
1604 2400
1606 730
1608 4398
1609 3101
1610 2433
1612 364
1613 2713
1615 4405
1619 3236
1620 3731
1621 1664
1622 162
1623 2157
1624 4466
1625 3347
1626 1324
1627 2022
1628 1494
1630 4807
1632 1421
1632 3745
1633 156
1634 4245
1635 2897
1636 820
1636 4448
1637 129
1637 1044
1637 2993
1637 3084
1639 390
1640 2343
1640 2852
1640 4500
1640 4981
1641 1323
1641 1607
1642 493
1642 1614
1642 3531
1642 4249
1643 2544
1644 1182
1644 3872
1644 4745
1645 2296
1650 292
1652 315
1653 712
1654 2050
1655 591
1656 2424
1657 211
1657 4148
1658 2548
1658 4426
1659 2030
1661 336
1661 3793
1661 4680
1662 3541
1665 4145
1666 489
1666 3357
1667 213
1668 1921
1669 2385
1669 3821
1669 4270
1670 1884
1673 3102
1674 111
1674 855
1674 3069
1675 4788
1677 127
1677 620
1677 3265
1678 1428
1678 4543
1682 50
1682 424
1683 2322
1683 3305
1684 876
1685 836
1685 2261
1687 307
1687 4053
1690 70
1692 2904
1697 263
1697 608
1697 698
1697 1077
1697 1587
1697 1716
1697 2963
1697 3525
1698 4782
1699 1214
1699 2651
1699 3336
1701 2933
1704 916
1708 3207
1710 437
1710 4342
1711 4703
1714 2283
1714 2301
1715 2803
1716 4229
1716 4778
1717 550
1717 3085
1717 3870
1718 1100
1720 4993
1721 4866
1722 187
1722 2551
1723 724
1723 4845
1726 108
1726 1263
1728 774
1728 2558
1730 4467
1730 4636
1731 2302
1732 2299
1732 3568
1734 2474
1735 1526
1736 2133
1736 4020
1737 938
1737 2306
1737 4433
1739 959
1741 1104
1742 3365
1746 159
1746 4724
1747 312
1747 823
1747 1881
1748 2420
1748 4096
1749 2442
1749 3829
1750 1620
1752 215
1752 1683
1753 3469
1754 943
1754 1145
1754 1193
1754 3582
1755 666
1755 2973
1755 4058
1756 1002
1756 3396
1756 3791
1758 3689
1760 4560
1763 1721
1763 3082
1764 4197
1767 103
1767 996
1768 2194
1768 2200
1768 3022
1768 3329
1769 2836
1770 2851
1770 4777
1771 2691
1772 3830
1773 3354
1775 769
1775 1578
1775 2781
1776 1830
1777 7
1777 2662
1777 4002
1777 4886
1778 1128
1783 1391
1784 2104
1784 2958
1786 4653
1790 3594
1791 3826
1791 4202
1792 3088
1792 3253
1796 3442
1796 4512
1797 3584
1797 3627
1798 3310
1800 3473
1801 4649
1802 4753
1803 729
1803 2536
1804 2310
1805 4386
1805 4585
1806 1317
1806 4723
1806 4887
1808 2974
1809 3677
1810 921
1812 3648
1812 3655
1812 4741
1812 4891
1814 2920
1815 185
1820 704
1821 1018
1821 2127
1821 2426
1824 230
1824 1463
1827 466
1827 2070
1827 4514
1829 3610
1829 3769
1829 4700
1829 4764
1833 1136
1834 1793
1834 4012
1837 352
1837 2584
1838 4250
1839 815
1839 4479
1840 2692
1843 2658
1843 4561
1844 4947
1845 1238
1846 4234
1846 4888
1847 1951
1847 3540
1848 193
1848 3062
1850 147
1850 983
1850 3977
1852 1642
1852 3911
1853 3411
1854 1731
1854 3163
1856 1832
1857 1105
1857 2986
1857 4167
1859 2926
1859 3517
1860 3367
1862 3670
1862 4143
1862 4372
1863 3044
1864 1978
1865 2959
1865 3641
1867 164
1867 1850
1867 4298
1868 3045
1870 2404
1870 4343
1872 4162
1872 4734
1874 890
1874 3616
1875 3040
1875 3267
1876 2977
1876 3954
1876 4749
1877 1125
1877 1531
1877 2006
1878 2766
1880 3640
1880 4968
1881 3211
1882 4032
1883 561
1883 746
1883 3405
1883 3413
1884 2725
1884 4801
1888 1220
1888 1706
1888 2723
1889 1133
1889 2402
1890 2069
1891 4614
1892 2205
1892 2636
1892 3825
1892 4130
1893 3452
1894 208
1895 773
1895 2066
1895 3195
1895 3674
1896 1942
1900 2280
1900 2634
1900 2976
1901 280
1902 568
1902 1821
1903 1143
1903 2140
1903 2308
1903 3042
1905 1176
1906 63
1908 1582
1910 601
1910 3344
1910 4064
1912 785
1913 1838
1913 2795
1914 1839
1920 3095
1921 3436
1924 1623
1925 1867
1926 409
1927 1053
1927 1495
1927 1667
1927 2641
1932 1676
1933 66
1933 2955
1937 3614
1939 195
1939 674
1940 1550
1941 1595
1942 4347
1943 1353
1943 4040
1944 222
1945 2201
1946 637
1948 3016
1948 3021
1948 3574
1950 2617
1950 4233
1951 907
1952 3736
1952 3810
1953 2464
1953 4465
1953 4547
1954 1661
1954 1900
1955 1807
1955 2553
1957 537
1959 1784
1960 2980
1960 3323
1962 124
1965 766
1966 3875
1967 1342
1967 1634
1967 2052
1968 271
1968 1241
1972 378
1973 2774
1974 2745
1974 2818
1974 2867
1974 4180
1975 1364
1975 2250
1976 1228
1976 1320
1976 2834
1976 3356
1979 227
1979 3364
1980 2333
1982 2221
1983 241
1984 463
1985 47
1986 2344
1988 1855
1988 4272
1996 1723
1998 1808
1999 3138
2000 2307
2000 4826
2001 38
2001 277
2001 363
2001 4943
2002 1760
2002 2460
2003 667
2003 2493
2003 3805
2005 478
2005 1774
2006 1239
2006 4837
2008 4883
2009 1895
2010 3838
2010 4485
2011 655
2011 727
2012 2110
2012 3483
2012 4699
2013 664
2015 1151
2015 3522
2017 1792
2018 4104
2019 4300
2022 2455
2022 3511
2023 3955
2024 590
2024 3856
2024 4365
2026 3508
2027 1931
2027 2599
2027 4437
2029 1339
2029 3137
2030 3184
2031 3633
2031 3727
2031 3933
2032 862
2033 2497
2034 1365
2034 4934
2037 1735
2037 2482
2040 1122
2043 1436
2044 1047
2045 761
2045 2320
2046 2918
2047 3055
2048 814
2048 4521
2050 3051
2051 1770
2051 2598
2051 3389
2052 2824
2052 4473
2053 3070
2053 4186
2057 765
2057 1195
2057 1416
2057 3751
2059 2195
2062 3096
2063 236
2063 696
2065 2116
2066 1023
2067 1588
2068 16
2068 1040
2069 1584
2069 1739
2069 3623
2071 166
2072 3589
2073 495
2073 2992
2073 3989
2074 1557
2075 542
2075 1635
2076 1265
2076 2117
2076 2934
2077 737
2077 1088
2078 1223
2079 3203
2080 1175
2080 3726
2081 864
2081 4637
2082 3324
2082 3539
2086 2432
2087 305
2088 3859
2088 4310
2088 4729
2089 2103
2092 1446
2093 813
2093 2277
2093 3799
2095 4158
2096 2055
2096 2198
2098 3377
2098 3491
2099 2038
2099 4996
2100 1991
2100 4430
2100 4828
2101 538
2101 1312
2102 2325
2102 3366
2102 4027
2105 1452
2106 191
2106 2778
2107 2835
2108 657
2109 1711
2109 2990
2109 4173
2110 3093
2113 1673
2113 4793
2114 2219
2117 4294
2118 98
2118 133
2118 4277
2118 4494
2119 3232
2119 4073
2123 942
2123 1511
2123 2484
2123 3202
2123 4690
2125 332
2126 587
2128 414
2129 1123
2129 1875
2129 3930
2130 3359
2132 2003
2133 2629
2134 3914
2138 4695
2139 4031
2140 1149
2140 2231
2141 1868
2141 3747
2141 4114
2143 4312
2145 3537
2146 3686
2150 387
2153 3997
2156 2714
2163 1941
2164 1575
2166 31
2170 3603
2172 3558
2175 265
2175 1465
2175 2312
2175 3161
2175 3287
2176 4089
2178 2916
2179 178
2179 321
2179 913
2182 848
2182 4619
2183 1737
2187 3871
2188 999
2189 1159
2190 1350
2192 1377
2195 264
2195 777
2195 2702
2196 2100
2196 2107
2196 2614
2197 3054
2197 3915
2198 86
2198 4644
2200 984
2200 3548
2200 4797
2204 4732
2205 3427
2205 3476
2206 2351
2206 3328
2209 1217
2209 3934
2210 3950
2211 4432
2212 4216
2212 4427
2213 393
2213 908
2215 1043
2215 2751
2216 371
2218 563
2218 1556
2218 4898
2219 3181
2219 4559
2220 2263
2220 2648
2220 4926
2224 1988
2224 2247
2225 511
2228 1352
2228 2238
2229 4980
2229 4986
2230 1742
2230 2229
2236 895
2236 4255
2237 2032
2242 4351
2246 2416
2247 1295
2248 3089
2250 1187
2251 389
2251 2806
2252 2017
2256 1232
2256 3120
2256 4084
2256 4991
2257 244
2257 1298
2257 3637
2258 1993
2258 3348
2263 1773
2263 3919
2264 1335
2264 3643
2264 4916
2265 1943
2267 974
2267 4225
2269 1981
2272 2492
2273 625
2273 817
2273 3612
2274 2700
2277 640
2277 2350
2277 2534
2277 2720
2277 4482
2279 883
2280 2728
2280 4576
2281 1779
2281 1857
2284 566
2284 4348
2285 1033
2290 3757
2291 2786
2291 3653
2292 705
2292 1014
2293 357
2293 4824
2295 4854
2296 874
2296 4635
2301 4458
2304 1925
2306 2389
2307 2305
2309 4090
2310 2573
2310 4431
2311 4211
2312 4669
2313 2033
2314 1016
2314 4966
2317 3387
2317 4134
2318 3668
2320 2964
2320 4041
2321 1022
2321 3477
2321 3847
2321 4316
2322 2810
2323 1658
2324 202
2324 2487
2324 2948
2326 2457
2327 4546
2328 464
2328 1233
2328 1872
2328 2860
2328 2999
2328 4139
2328 4475
2329 1106
2330 989
2330 1524
2330 2671
2330 4083
2331 3972
2332 4182
2332 4631
2333 1626
2334 4026
2345 4011
2347 2197
2351 1675
2351 4574
2353 2796
2354 971
2354 1649
2354 2789
2355 3440
2357 4248
2358 4360
2359 3785
2361 4468
2365 1747
2365 2429
2365 3241
2369 278
2369 950
2369 4557
2370 1321
2371 1769
2371 4756
2373 175
2374 1024
2375 647
2375 1791
2375 3197
2376 868
2378 905
2378 1646
2379 1209
2379 2966
2379 3806
2380 3992
2381 366
2383 172
2384 1709
2385 2846
2385 4045
2386 616
2386 673
2386 1999
2387 3543
2389 2858
2392 2395
2392 3171
2393 1535
2395 56
2396 1215
2396 2741
2398 152
2398 259
2399 2242
2399 2505
2400 3217
2402 3780
2404 2252
2405 327
2405 1026
2405 4774
2408 2020
2409 136
2409 1652
2410 4940
2412 4936
2413 2031
2414 114
2414 1822
2414 4338
2416 431
2416 1833
2416 2892
2416 3857
2417 526
2417 1600
2419 113
2421 3694
2422 255
2422 3003
2422 4172
2422 4959
2422 4972
2423 1294
2426 584
2427 898
2427 2696
2428 325
2429 397
2432 3119
2436 3831
2441 2368
2444 356
2444 900
2446 343
2446 630
2446 1961
2449 691
2449 2616
2449 2928
2449 3947
2450 3578
2451 1284
2453 130
2454 3248
2455 1778
2455 3178
2455 3869
2458 4305
2460 1189
2461 4367
2463 3771
2463 4751
2464 429
2466 1083
2467 4285
2468 4486
2469 3881
2471 1460
2471 3605
2473 4443
2476 2374
2476 3243
2477 510
2478 4309
2478 4971
2479 4784
2481 1814
2481 2334
2482 4832
2484 484
2484 1837
2486 4258
2487 1936
2488 233
2490 3744
2490 4077
2494 337
2495 2861
2496 4754
2497 3759
2498 628
2499 2512
2500 2185
2500 2645
2500 4361
2501 1718
2501 2821
2501 3665
2503 4787
2504 1012
2504 2528
2504 4025
2505 1917
2505 3755
2506 2715
2509 4593
2510 4643
2511 3475
2514 3145
2514 3690
2515 4246
2516 558
2516 2775
2516 4634
2517 426
2517 611
2517 1870
2517 2204
2519 2079
2520 2523
2521 884
2521 1274
2521 4708
2523 6
2524 472
2524 1541
2525 4422
2526 3231
2527 1205
2527 2695
2528 1610
2528 3117
2529 4542
2530 2291
2530 3170
2530 4829
2532 1167
2532 3956
2533 2321
2534 3958
2537 1120
2537 3422
2538 2613
2538 4043
2541 104
2541 3031
2541 3788
2542 4588
2543 60
2543 1662
2545 40
2548 1907
2548 2346
2549 1567
2551 4206
2552 2255
2552 4055
2553 2341
2554 2915
2556 3699
2557 847
2557 1696
2558 3237
2559 4198
2562 982
2562 3931
2569 2191
2569 3162
2570 718
2570 2579
2571 849
2571 4992
2576 3350
2578 2206
2579 4988
2584 2569
2584 4081
2586 837
2588 1103
2588 2108
2588 3474
2591 4573
2593 949
2593 1691
2593 4927
2597 2822
2598 937
2598 3370
2599 2408
2600 1351
2600 2954
2601 2049
2604 1680
2604 2998
2605 1131
2605 2618
2605 3437
2609 402
2609 4287
2611 2790
2612 199
2612 4212
2614 206
2615 258
2615 723
2615 2739
2616 743
2618 496
2618 2527
2619 1508
2619 1797
2621 962
2621 3371
2622 395
2622 3416
2622 4322
2623 3009
2626 2076
2626 4122
2626 4484
2627 3712
2628 4718
2629 1067
2629 1290
2629 2951
2629 4816
2630 873
2631 1965
2633 2364
2637 2555
2638 3134
2638 4990
2639 1629
2640 521
2641 2148
2641 3266
2642 652
2642 2162
2642 3912
2646 797
2647 948
2647 3355
2648 154
2650 2968
2650 4933
2657 1370
2657 3504
2657 4071
2658 1883
2658 3193
2660 4057
2664 1141
2666 333
2668 408
2668 2938
2668 4424
2670 1409
2670 1671
2672 1736
2672 4072
2672 4628
2673 1337
2674 401
2674 1430
2676 768
2676 1829
2676 2034
2678 49
2678 1611
2681 978
2681 1397
2681 2727
2682 605
2682 4613
2684 1848
2684 2095
2685 1517
2685 2905
2685 4579
2686 1514
2688 3433
2690 790
2690 2625
2692 3692
2694 3570
2696 163
2696 462
2697 2940
2699 2365
2699 4815
2700 3624
2701 396
2704 439
2704 1259
2705 4663
2706 1593
2710 3079
2712 2922
2712 3131
2713 4820
2714 1771
2714 4717
2715 1466
2715 1738
2715 3445
2716 3880
2719 632
2719 648
2720 4358
2722 4918
2724 1638
2725 715
2725 4120
2725 4293
2726 3599
2727 1206
2727 3152
2727 4555
2728 633
2729 190
2729 448
2729 562
2730 1859
2731 62
2732 2704
2732 3658
2733 4434
2734 3424
2735 2771
2735 4949
2736 3420
2738 35
2739 248
2739 2975
2739 4884
2741 1144
2741 1619
2743 1983
2744 359
2746 234
2746 955
2747 1358
2747 3575
2748 90
2748 3250
2751 917
2751 2015
2751 3311
2751 3855
2752 1805
2752 2604
2752 4771
2754 682
2755 899
2755 2800
2757 423
2757 2717
2758 1188
2758 2532
2761 1507
2761 1740
2762 581
2765 3762
2766 1956
2767 1502
2769 4460
2770 1192
2771 1060
2772 686
2775 3327
2775 4315
2776 4853
2778 2609
2781 4381
2782 1191
2783 1117
2783 1689
2784 3862
2785 4727
2786 658
2786 1237
2786 4599
2789 1858
2789 4352
2790 3620
2790 4289
2791 3430
2792 839
2792 3254
2792 3984
2794 859
2794 1506
2794 4725
2798 3020
2799 1448
2801 1264
2803 2626
2803 4664
2804 925
2805 2855
2805 3322
2805 4415
2806 4329
2807 218
2807 1586
2808 1302
2808 3913
2809 646
2812 1376
2812 3673
2813 1328
2814 671
2816 520
2816 3666
2817 281
2818 1985
2822 1601
2823 2656
2823 4207
2824 796
2824 3331
2825 845
2825 3463
2825 4080
2825 4235
2826 44
2826 188
2826 852
2826 3080
2827 778
2827 3499
2828 2000
2829 2007
2831 1385
2831 2298
2832 2048
2833 623
2834 2370
2834 3423
2836 2889
2838 475
2838 2572
2839 3464
2840 857
2845 821
2846 3661
2847 2167
2849 3983
2850 3557
2850 3754
2852 2667
2854 1411
2854 1579
2854 2349
2854 4439
2857 1510
2858 2485
2858 3215
2859 4821
2862 2802
2865 576
2866 4814
2867 2089
2867 4394
2868 2676
2868 4094
2869 256
2869 827
2870 59
2870 143
2870 1866
2870 3057
2871 1640
2871 2883
2872 1095
2872 1378
2873 3481
2874 2563
2874 4706
2875 606
2876 140
2876 2533
2876 4240
2876 4518
2876 4951
2876 4975
2877 1190
2877 2565
2878 376
2878 1681
2879 2240
2880 3672
2880 4781
2881 554
2881 2752
2882 4262
2884 41
2884 486
2884 1414
2884 2516
2884 2807
2885 4910
2886 3277
2888 82
2889 3822
2891 2008
2893 2524
2893 4915
2894 1050
2895 2849
2895 3767
2896 508
2896 2592
2898 4659
2899 3518
2900 923
2900 2978
2900 4049
2901 3719
2906 1753
2908 1631
2908 2685
2908 3200
2910 1754
2910 2554
2910 3781
2910 4601
2911 1361
2913 1958
2913 4765
2914 939
2914 4402
2917 442
2917 4520
2917 4666
2919 2670
2919 2711
2921 207
2922 4201
2924 3439
2925 1849
2925 4618
2926 1982
2926 2984
2928 829
2928 1759
2932 26
2932 1947
2932 2539
2932 2732
2933 4748
2934 3849
2935 885
2935 1256
2935 1878
2935 2903
2938 145
2939 3169
2940 695
2940 2137
2942 2379
2942 3597
2943 2574
2945 1551
2947 1473
2947 2541
2948 1643
2948 3790
2949 29
2951 3753
2951 3863
2954 1871
2955 2500
2955 4423
2956 3245
2957 4973
2958 1519
2958 4795
2958 4857
2959 770
2960 4215
2962 1573
2963 2666
2964 1860
2965 3280
2966 2
2968 67
2968 870
2968 4009
2969 3783
2970 2289
2971 3140
2972 447
2972 1589
2972 2606
2973 469
2973 4232
2973 4770
2977 1331
2977 2638
2977 4660
2978 4271
2980 1180
2980 3496
2981 1996
2981 2989
2983 1326
2983 1455
2983 4191
2984 3150
2984 3313
2988 776
2992 571
2992 1212
2994 1097
2996 112
2996 3676
2999 4236
3000 2486
3000 3015
3002 1992
3003 2797
3003 4833
3004 1632
3004 2957
3005 1863
3005 2392
3005 2608
3010 339
3010 2780
3016 487
3016 3777
3017 2965
3019 3960
3022 1644
3023 3559
3025 693
3025 1451
3025 4776
3026 956
3026 2431
3026 3459
3026 3489
3026 4509
3028 2589
3028 3326
3030 824
3030 1854
3030 1890
3030 2023
3032 2182
3033 1000
3034 779
3034 3228
3037 811
3040 867
3040 1540
3042 3521
3042 4629
3043 2619
3045 3273
3046 1617
3048 3706
3053 2384
3054 875
3057 1252
3057 2856
3057 3403
3058 4417
3061 988
3062 1940
3062 2068
3062 3380
3063 1453
3064 854
3064 1687
3064 4549
3065 220
3065 228
3066 2792
3067 3019
3068 1234
3068 1624
3071 1827
3072 421
3072 4278
3073 455
3073 2475
3073 3299
3073 4179
3073 4218
3077 1389
3081 2816
3081 3467
3081 4772
3082 2793
3084 3797
3085 2754
3087 798
3091 294
3091 2787
3091 3607
3093 1767
3093 2649
3094 1596
3095 2425
3097 1441
3100 1161
3100 4682
3102 539
3102 1576
3103 436
3103 840
3106 1163
3106 1196
3107 4565
3109 212
3109 1262
3111 474
3115 2981
3115 3667
3116 1532
3116 2251
3116 2881
3116 3151
3117 4420
3118 2832
3120 12
3120 1877
3123 427
3123 2025
3123 4051
3125 4159
3127 3317
3127 4944
3128 3358
3129 3111
3129 3198
3130 2388
3132 382
3132 385
3132 4000
3133 2249
3135 3190
3136 1165
3136 2120
3139 4650
3140 1255
3141 1712
3141 4894
3143 3774
3144 4018
3145 4768
3147 2502
3151 2870
3151 3428
3151 3904
3152 2319
3153 4074
3153 4889
3155 27
3155 1522
3155 1869
3156 3167
3157 1647
3157 1953
3157 2159
3158 583
3159 2011
3160 3398
3162 1270
3162 1469
3162 2268
3162 2480
3163 863
3163 2109
3163 2877
3163 4630
3164 2043
3164 3010
3168 4291
3174 532
3174 764
3174 931
3174 3183
3175 2373
3175 3996
3175 4471
3178 3988
3179 535
3181 128
3182 4446
3183 1226
3183 2805
3183 4948
3184 822
3185 210
3186 2067
3186 2924
3186 3225
3186 4107
3187 473
3187 1525
3188 170
3188 685
3190 4037
3192 1994
3192 2772
3195 1379
3196 3787
3198 2065
3199 736
3199 1765
3199 4742
3200 1948
3200 3118
3201 892
3202 2953
3202 3470
3202 3707
3204 1041
3204 1547
3205 2596
3208 957
3208 1068
3208 3994
3208 4228
3209 1015
3210 3925
3211 1622
3211 1787
3211 2202
3212 243
3214 2699
3217 4160
3218 2578
3218 4238
3219 1659
3219 2586
3221 1670
3221 2222
3223 32
3223 2357
3223 4364
3224 2847
3225 296
3225 4798
3226 1346
3226 3173
3227 2150
3227 2605
3228 3456
3229 1995
3230 1069
3230 1789
3231 2815
3232 1374
3233 3112
3233 3900
3237 2134
3237 3362
3240 3127
3242 3990
3242 4318
3243 4901
3244 3182
3245 2567
3247 1685
3247 1986
3247 3885
3248 818
3248 853
3248 878
3249 2587
3250 2443
3250 2568
3250 4044
3251 3385
3254 2674
3254 3379
3256 2899
3257 2511
3257 4740
3258 1677
3261 1478
3263 1566
3264 1824
3264 3730
3264 4924
3267 1148
3273 976
3273 3698
3274 4839
3276 434
3276 1118
3276 3309
3277 3979
3281 2105
3283 4846
3285 3968
3285 4328
3286 361
3288 2266
3289 791
3290 1112
3290 1492
3290 1728
3290 2324
3293 2764
3293 3833
3293 4023
3293 4149
3293 4911
3294 1169
3295 1142
3297 2738
3297 4005
3297 4762
3297 4872
3298 1776
3298 4611
3299 3569
3300 2808
3300 3148
3300 3214
3301 4531
3301 4567
3302 838
3302 3784
3302 3943
3305 4222
3306 412
3306 656
3306 747
3307 1419
3307 4789
3309 3247
3309 3866
3310 252
3313 2139
3313 4111
3315 4925
3318 4553
3321 441
3321 445
3321 3255
3322 4239
3323 702
3323 3153
3324 787
3324 2876
3326 570
3326 728
3326 4453
3328 2581
3328 2908
3329 2950
3330 1276
3330 1308
3330 1380
3330 2783
3331 3888
3332 3106
3333 3725
3335 3716
3335 4379
3336 2743
3337 2746
3337 4091
3339 2123
3340 1906
3341 2663
3344 1405
3344 2585
3344 2693
3344 4528
3345 1919
3345 1979
3345 2387
3345 3763
3351 1625
3353 3340
3353 3877
3354 3538
3356 1967
3360 1823
3360 4882
3362 1966
3362 4856
3363 639
3363 3953
3364 1303
3364 3008
3365 689
3367 3786
3368 1242
3368 3598
3370 1686
3370 4921
3377 1513
3377 1699
3378 4904
3379 410
3382 65
3382 1031
3382 4584
3386 3876
3388 879
3389 3026
3393 960
3393 4583
3394 2850
3397 564
3397 1278
3401 1599
3401 4675
3402 3441
3403 694
3403 1286
3403 2913
3403 4791
3404 3240
3408 4673
3409 300
3409 3579
3411 2776
3414 459
3414 4054
3416 501
3416 3457
3418 1138
3419 842
3421 1432
3421 3841
3421 4683
3422 64
3422 1354
3422 4532
3423 2721
3423 3400
3427 985
3427 3382
3429 340
3429 4036
3434 525
3434 835
3436 1221
3436 4129
3437 123
3437 2396
3438 2630
3440 544
3440 1938
3442 651
3442 700
3443 4438
3445 1287
3447 914
3447 1604
3448 416
3450 4847
3451 2376
3451 4273
3453 69
3459 3301
3460 4760
3461 110
3461 1580
3462 1645
3462 3941
3463 456
3463 4647
3463 4704
3464 3407
3465 977
3467 2552
3468 3573
3468 4571
3471 79
3471 1825
3471 2235
3473 150
3474 430
3474 2440
3475 4895
3477 2040
3477 3077
3477 4570
3478 757
3478 2681
3478 3495
3478 3596
3479 2209
3479 3209
3480 3749
3481 3220
3482 1102
3482 4900
3483 1501
3484 893
3489 1782
3489 2230
3489 4078
3491 1527
3491 2944
3491 3072
3494 1150
3494 1333
3495 4541
3496 3295
3496 4997
3497 1710
3500 2682
3500 2833
3501 1563
3501 2172
3502 3159
3503 2353
3503 2639
3504 308
3506 4694
3507 1327
3507 4170
3508 2131
3508 4066
3509 450
3509 600
3509 3532
3511 2470
3511 3279
3512 1127
3512 1690
3512 3303
3512 4716
3514 1457
3515 2479
3517 1641
3517 2192
3517 4392
3520 801
3520 4279
3520 4580
3521 372
3521 2755
3521 2891
3522 3374
3525 2758
3533 399
3536 3936
3537 406
3539 310
3539 391
3539 4739
3541 3660
3542 1914
3542 3239
3543 1
3544 457
3544 991
3544 2812
3545 4970
3547 880
3547 1933
3547 2414
3547 4194
3551 4678
3553 4961
3554 986
3554 1766
3554 2047
3554 4737
3555 2845
3560 1090
3560 2338
3561 2785
3564 3160
3565 134
3565 1650
3566 505
3566 1211
3566 1844
3566 3109
3567 1273
3567 2438
3568 407
3568 556
3568 2149
3568 4251
3569 349
3571 346
3571 388
3573 2679
3575 4288
3576 3923
3577 3196
3582 582
3584 3186
3584 4110
3584 4862
3586 1908
3587 2412
3589 1459
3589 1722
3589 3201
3589 4371
3590 1087
3590 3657
3592 1571
3592 4526
3593 1609
3595 516
3596 1903
3596 3882
3596 4335
3596 4969
3598 2643
3599 799
3599 968
3600 2659
3600 2972
3603 1173
3606 1684
3607 1480
3608 2378
3609 543
3610 3212
3610 3233
3612 52
3612 428
3612 2801
3612 4885
3613 4831
3615 1347
3616 1862
3616 2949
3616 3851
3617 3724
3619 4469
3621 3205
3623 2887
3623 4551
3625 39
3625 574
3626 1876
3627 3636
3628 4758
3629 981
3632 2399
3633 422
3634 3174
3636 4069
3636 4799
3638 4407
3639 3213
3641 4353
3642 17
3643 1929
3644 3116
3645 4282
3646 3090
3646 4359
3648 926
3649 786
3649 1372
3649 2623
3652 2398
3654 3165
3655 2689
3655 3893
3657 1338
3657 2677
3658 2582
3660 1813
3660 2244
3661 4224
3662 221
3664 253
3664 313
3664 4187
3665 1281
3665 2481
3666 830
3666 940
3667 2537
3667 4039
3670 4256
3671 1204
3671 4877
3673 3733
3675 2227
3677 1968
3677 2748
3677 4141
3678 2262
3679 3644
3680 19
3680 74
3680 1741
3682 903
3684 179
3684 573
3685 1408
3686 326
3686 3812
3687 3158
3688 2439
3691 572
3692 2212
3693 1154
3693 1803
3693 3144
3694 490
3695 596
3700 1666
3700 1752
3700 3290
3700 4133
3701 2661
3701 3798
3701 4356
3702 2329
3703 1621
3703 4931
3704 4389
3705 2879
3706 2094
3708 4897
3709 2366
3710 1449
3713 4283
3714 2991
3714 3602
3714 4582
3718 946
3718 4368
3719 3046
3719 3262
3720 4166
3720 4665
3721 4242
3724 4527
3727 1399
3727 2002
3727 2297
3727 3175
3727 3297
3727 4607
3730 3843
3732 3675
3733 1155
3736 2988
3737 692
3737 1330
3737 4879
3739 3894
3739 4715
3740 247
3740 772
3741 302
3742 958
3742 1084
3745 3886
3745 4488
3747 2531
3747 3696
3747 4375
3748 4302
3749 2005
3749 2451
3750 3773
3750 4451
3752 536
3752 4958
3753 2799
3753 3124
3756 594
3756 997
3756 4822
3756 4871
3757 1406
3760 3501
3760 4280
3760 4429
3761 4275
3763 3412
3764 4594
3766 1435
3767 1835
3768 55
3769 3028
3769 4164
3772 350
3772 4922
3773 3951
3774 2078
3774 2452
3774 2740
3775 1092
3775 2293
3775 4604
3775 4608
3776 2175
3777 622
3778 3587
3778 4079
3779 118
3779 795
3781 3091
3781 3873
3782 257
3782 624
3782 1075
3782 3066
3782 4632
3785 362
3785 2315
3785 3399
3786 36
3787 2525
3788 1058
3788 1153
3788 4667
3789 4126
3790 3342
3791 2996
3794 2804
3795 3006
3796 2073
3796 2447
3799 2788
3801 1707
3804 3466
3808 2826
3808 3795
3811 384
3811 4015
3811 4376
3812 2035
3814 3386
3816 719
3817 4989
3818 324
3819 755
3820 2377
3821 320
3821 3086
3821 4052
3822 2259
3823 4792
3825 1894
3828 57
3828 833
3828 3995
3829 476
3832 3935
3833 3296
3841 4237
3842 4462
3842 4506
3844 1713
3846 533
3848 2540
3848 2844
3849 204
3850 438
3851 1348
3851 1845
3851 3249
3852 780
3855 4755
3856 3542
3857 2024
3858 4802
3859 3487
3860 4048
3863 4100
3865 726
3866 4196
3868 2410
3868 3286
3869 659
3870 4401
3870 4487
3872 1156
3872 4168
3872 4203
3872 4436
3876 2529
3876 4591
3877 1185
3877 3113
3877 3868
3881 2545
3882 3561
3887 2570
3887 4841
3888 1456
3892 2823
3895 1932
3896 4939
3897 4522
3898 877
3898 3408
3900 529
3900 4881
3901 2294
3901 3740
3901 4412
3902 4138
3903 541
3903 904
3904 710
3905 4728
3908 509
3909 3058
3909 3351
3909 4063
3914 8
3914 4540
3917 592
3917 2220
3917 4478
3917 4525
3919 1101
3919 3860
3919 4411
3920 2021
3920 2340
3922 398
3922 1730
3922 3520
3922 4843
3922 4859
3923 1162
3923 1780
3923 2386
3925 3647
3925 4539
3928 2042
3928 4698
3930 2046
3930 3590
3930 4003
3931 205
3933 144
3933 2311
3934 3419
3935 1164
3936 2010
3937 2165
3938 192
3938 1135
3938 3363
3939 4615
3940 360
3940 1115
3940 2332
3940 4982
3941 451
3941 3535
3945 1325
3946 641
3946 2330
3947 714
3949 3816
3950 330
3950 1056
3951 3852
3952 4447
3955 975
3957 2422
3958 4118
3961 146
3961 2875
3961 3194
3961 4103
3962 1116
3962 3337
3966 432
3968 1831
3968 2177
3970 1121
3971 1665
3971 2331
3971 3704
3972 1429
3974 2508
3974 2564
3975 3098
3975 3449
3976 1386
3977 4336
3979 742
3979 3687
3981 4878
3982 4769
3983 3353
3984 2284
3986 679
3987 3909
3988 1291
3988 1841
3990 2673
3990 3752
3992 2339
3993 3048
3994 3682
3994 4038
3995 4495
3996 2093
3996 2405
3996 3067
4000 3678
4002 1322
4002 2519
4004 4286
4005 348
4005 1959
4005 2893
4005 3256
4005 4153
4007 4766
4009 2394
4009 4687
4010 3515
4012 2469
4013 51
4016 4605
4017 1359
4017 2947
4020 3600
4022 467
4023 4147
4023 4449
4024 2158
4024 2488
4024 4022
4024 4362
4025 575
4028 560
4028 2193
4028 3970
4030 1367
4030 3533
4035 2214
4035 4137
4038 4241
4039 2756
4041 1729
4042 751
4043 2406
4043 3778
4046 872
4046 2733
4047 1901
4047 2501
4049 2304
4050 3133
4050 4068
4050 4208
4054 3291
4054 4345
4055 3765
4056 4075
4057 3426
4058 3393
4059 3507
4060 198
4060 433
4061 507
4063 288
4063 2309
4064 3964
4066 1836
4067 458
4068 2761
4069 3018
4069 4945
4072 309
4073 1757
4078 2156
4078 2427
4079 42
4079 3460
4080 2155
4081 1293
4081 4554
4082 741
4084 1275
4084 1306
4085 3071
4085 4214
4086 578
4086 2814
4087 2561
4093 980
4093 2872
4094 2437
4094 3554
4094 3654
4095 11
4096 973
4096 2088
4096 2232
4096 4598
4097 353
4097 2354
4097 3404
4098 173
4099 3484
4099 4189
4099 4308
4099 4642
4100 1415
4100 4710
4102 3556
4103 2760
4107 229
4109 2686
4110 1006
4110 1820
4110 2083
4111 964
4112 2503
4112 2594
4112 4195
4113 2151
4115 1017
4116 297
4118 2517
4119 4586
4120 642
4120 1186
4121 1403
4122 2902
4123 3154
4123 3210
4124 1861
4125 805
4126 139
4126 3034
4127 1054
4130 4964
4131 711
4131 4261
4133 1467
4133 3136
4133 3779
4133 3917
4134 1477
4135 2147
4138 2736
4139 465
4139 2128
4139 2372
4139 4349
4140 2935
4140 4297
4141 1216
4143 2037
4143 2444
4143 3564
4143 4024
4147 690
4148 2931
4149 4414
4150 75
4150 1498
4151 1705
4151 2208
4153 1433
4153 4864
4155 1960
4155 2521
4155 4780
4156 557
4157 750
4157 2910
4157 4930
4162 1939
4166 4590
4167 2530
4167 3551
4169 2102
4170 680
4171 93
4171 4102
4172 270
4172 2583
4174 994
4174 1021
4174 2225
4174 3100
4175 1668
4176 2697
4177 4880
4179 419
4179 1491
4180 3315
4180 3756
4181 4563
4183 841
4183 3334
4185 2463
4187 1574
4190 4962
4191 2091
4191 3394
4193 1071
4194 1360
4195 1633
4196 177
4197 2180
4198 4035
4198 4855
4199 3235
4199 4123
4200 844
4200 1170
4200 2223
4201 3482
4201 3874
4201 4538
4203 2243
4205 3708
4206 3728
4206 4932
4207 94
4207 3450
4208 1700
4209 2784
4211 3083
4214 1538
4214 1785
4214 1950
4215 3580
4216 2458
4218 3292
4219 1343
4219 2612
4220 142
4221 2652
4221 4672
4222 3078
4222 4558
4223 812
4223 2074
4223 4523
4225 3562
4226 3688
4228 935
4228 3794
4229 2161
4229 3924
4230 1485
4230 4082
4231 3632
4234 1029
4235 2256
4235 4909
4236 1971
4238 3796
4240 816
4240 1356
4241 299
4243 3991
4245 4984
4246 918
4246 1946
4248 3980
4249 20
4251 3500
4252 117
4252 155
4253 2597
4254 2767
4254 3905
4254 4497
4255 4581
4259 1811
4259 2763
4260 567
4260 638
4260 4491
4265 2665
4266 979
4266 1500
4266 1997
4269 2130
4270 3581
4272 1694
4273 3258
4273 4317
4275 2272
4276 2226
4276 3166
4276 3289
4278 4209
4280 3524
4281 902
4285 1114
4285 2731
4287 941
4288 4714
4289 3939
4291 2292
4291 2571
4292 78
4292 1130
4296 1011
4296 3157
4297 713
4297 1202
4297 1398
4293165 3654
3166 4276
3168 4291
3172 4906
3173 3226
3174 3183
3174 3634
3175 3727
3175 3996
3175 4471
3177 4501
3178 3988
3180 4665
3182 3244
3182 4446
3183 4948
3186 3225
3186 3584
3186 4107
3189 4972
3190 4037
3194 3961
3196 3577
3196 3787
3199 4479
3199 4742
3201 3589
3202 3470
3202 3707
3204 4315
3205 3621
3206 4840
3208 3994
3208 4228
3208 4335
3209 3479
3210 3925
3210 4123
3212 3610
3213 3639
3214 3300
3216 4959
3217 4160
3218 4238
3220 3481
3223 4364
3225 4798
3227 4642
3228 3456
3233 3610
3233 3900
3234 4960
3235 4199
3237 3362
3239 3542
3240 3404
3242 3990
3242 4318
3242 4377
3243 4901
3247 3309
3247 3885
3249 3851
3250 4044
3251 3385
3254 3379
3255 3321
3256 4005
3257 4740
3258 4273
3259 4519
3260 4897
3261 4502
3262 3719
3264 3730
3264 4610
3264 4924
3270 4562
3273 3698
3274 4839
3275 4739
3276 3309
3277 3979
3279 3511
3281 4873
3283 4846
3285 3968
3285 4328
3286 3868
3289 4276
3290 3700
3291 4054
3292 4218
3293 3833
3293 4023
3293 4149
3293 4911
3294 4302
3295 3496
3296 3833
3297 3727
3297 4005
3297 4762
3297 4872
3298 4611
3299 3569
3301 3459
3301 4531
3301 4567
3302 3784
3302 3943
3302 4749
3303 3512
3304 4737
3305 4222
3306 4315
3307 4789
3308 4328
3309 3866
3312 4355
3313 4111
3315 4180
3315 4925
3318 4553
3321 4873
3322 4239
3325 4791
3326 4453
3331 3888
3333 3725
3333 4804
3334 4183
3335 3716
3335 4379
3337 3962
3337 4091
3340 3353
3342 3790
3344 4528
3345 3763
3351 3909
3352 4528
3353 3877
3353 3983
3354 3538
3360 4882
3361 4448
3362 4856
3363 3938
3363 3953
3367 3786
3368 3598
3368 4746
3370 4921
3372 4740
3374 3522
3378 4904
3382 3427
3382 4584
3384 4581
3386 3814
3386 3876
3388 4738
3393 4058
3393 4583
3394 4191
3395 4961
3399 3785
3400 3423
3401 4675
3402 3441
3403 4791
3404 4097
3407 3464
3408 3898
3408 4673
3409 3579
3409 4415
3412 3763
3414 4054
3414 4440
3416 3457
3417 4761
3418 4976
3419 3934
3421 3841
3421 4371
3421 4683
3422 4532
3425 4696
3426 4057
3429 4036
3429 4748
3431 4735
3434 4882
3436 4129
3443 4438
3444 4712
3449 3975
3450 4207
3450 4847
3451 4273
3451 4859
3453 4625
3454 4322
3455 4833
3458 4667
3460 4079
3460 4760
3462 3941
3462 4942
3463 4647
3463 4704
3466 3804
3468 3573
3468 4571
3475 4895
3477 4570
3478 3495
3478 3596
3479 4640
3480 3749
3480 4624
3482 4201
3482 4900
3484 4099
3487 3859
3489 4078
3492 4439
3495 4541
3496 4997
3498 4994
3500 4251
3501 3760
3505 4814
3506 4596
3506 4694
3507 4059
3507 4170
3508 4066
3509 3532
3509 4706
3512 4716
3515 4010
3517 4392
3519 4946
3520 3922
3520 4279
3520 4580
3524 4280
3533 4030
3535 3941
3536 3936
3539 4739
3541 3660
3542 3856
3544 4625
3545 4875
3545 4970
3546 4481
3547 4194
3550 4423
3551 4167
3551 4678
3552 4663
3553 4961
3554 4094
3554 4737
3556 4102
3560 4993
3561 3882
3562 4225
3563 4600
3564 4143
3568 4251
3575 4288
3576 3923
3580 4215
3581 4270
3584 4110
3584 4862
3587 3778
3589 4371
3590 3657
3590 3930
3592 4526
3592 4836
3595 4605
3596 3882
3596 4335
3596 4969
3600 4020
3601 4437
3602 3714
3606 4715
3612 4885
3613 4831
3613 4913
3616 3851
3617 3724
3619 4469
3623 4551
3626 4481
3627 3636
3628 4758
3632 4231
3636 4069
3636 4799
3638 4407
3641 4353
3644 3679
3645 4282
3646 4359
3646 4762
3647 3925
3654 4094
3655 3893
3661 4224
3664 4187
3667 4039
3670 4256
3671 4877
3673 3733
3675 3732
3677 4141
3678 4000
3681 4986
3682 3994
3683 4530
3686 3812
3687 3979
3688 4226
3691 4916
3696 3747
3700 4133
3701 3798
3701 4356
3701 4404
3703 4931
3704 3971
3704 4389
3708 4205
3708 4897
3711 4824
3713 4283
3713 4572
3714 4582
3715 4808
3718 4368
3718 4459
3720 4166
3720 4665
3721 4242
3724 4527
3727 4607
3728 4206
3730 3843
3734 4877
3737 4879
3739 3894
3739 4715
3740 3901
3742 4727
3745 3886
3745 4488
3746 4897
3747 4375
3748 4302
3748 4987
3750 3773
3750 4451
3752 3990
3752 4958
3756 4180
3756 4822
3756 4871
3758 4812
3760 4280
3760 4429
3761 4275
3764 4594
3765 4055
3766 4808
3767 3959
3768 4739
3769 4164
3770 4763
3772 4476
3772 4922
3773 3951
3775 4604
3775 4608
3778 4043
3778 4079
3779 4133
3781 3873
3782 4632
3788 4667
3789 4126
3794 4228
3795 3808
3796 4238
3801 4550
3803 4456
3809 4959
3811 4015
3811 4376
3815 4948
3816 3949
3817 4989
3819 4938
3820 4713
3821 4052
3823 4792
3824 4873
3828 3995
3828 4965
3832 3935
3836 4529
3840 4874
3841 4237
3842 4462
3842 4506
3842 4914
3852 3951
3855 4755
3858 4802
3860 3919
3860 4048
3863 4100
3864 4536
3866 4196
3868 3877
3870 4401
3870 4487
3872 4168
3872 4203
3872 4436
3874 4201
3876 4591
3878 4430
3887 4841
3889 4970
3895 4713
3896 4939
3897 4522
3899 4648
3900 4881
3901 4412
3902 4138
3903 4535
3905 4254
3905 4728
3909 3987
3909 4063
3914 4540
3917 4133
3917 4478
3917 4525
3919 4411
3922 4843
3922 4859
3924 4229
3925 4539
3928 4698
3928 4807
3930 4003
3932 4692
3937 4603
3939 4289
3939 4615
3940 4871
3940 4982
3946 4691
3952 4447
3958 4118
3961 4103
3962 4603
3964 4064
3970 4028
3973 4987
3977 4336
3980 4248
3981 4878
3982 4769
3991 4243
3994 4038
3995 4495
4001 4623
4004 4286
4005 4153
4007 4766
4009 4687
4016 4605
4021 4700
4022 4024
4023 4147
4023 4449
4024 4143
4024 4362
4028 4506
4029 4539
4030 4910
4035 4137
4035 4198
4038 4241
4050 4068
4050 4208
4054 4345
4056 4075
4060 4599
4061 4389
4067 4844
4069 4945
4081 4554
4082 4230
4085 4214
4085 4817
4086 4573
4092 4661
4093 4418
4095 4307
4096 4598
4099 4189
4099 4308
4099 4642
4100 4710
4101 4304
4102 4171
4109 4501
4112 4195
4115 4469
4119 4586
4119 4727
4123 4199
4127 4636
4130 4964
4131 4261
4132 4976
4136 4324
4139 4349
4140 4297
4142 4857
4149 4414
4150 4715
4153 4864
4155 4780
4155 4898
4156 4454
4157 4324
4157 4930
4161 4603
4163 4841
4166 4590
4169 4523
4171 4743
4175 4802
4177 4880
4181 4440
4181 4563
4185 4647
4190 4962
4192 4987
4198 4855
4201 4538
4204 4831
4206 4932
4209 4278
4219 4432
4221 4672
4222 4558
4223 4523
4223 4541
4230 4414
4235 4909
4243 4929
4245 4984
4252 4717
4254 4433
4254 4497
4255 4581
4260 4491
4264 4751
4267 4387
4273 4317
4274 4810
4276 4559
4281 4673
4288 4714
4301 4855
4303 4562
4307 4469
4312 4384
4315 4397
4315 4463
4316 4489
4319 4854
4324 4506
4325 4347
4326 4439
4327 4507
4330 4902
4331 4565
4333 4387
4339 4877
4341 4452
4350 4421
4353 4550
4353 4928
4363 4679
4369 4995
4385 4707
4385 4725
4387 4499
4390 4620
4406 4947
4410 4464
4413 4474
4413 4715
4419 4479
4419 4692
4424 4633
4441 4827
4444 4585
4450 4715
4458 4848
4461 4722
4463 4556
4481 4645
4489 4602
4493 4903
4502 4912
4504 4623
4505 4682
4506 4648
4512 4976
4513 4593
4520 4688
4524 4722
4526 4923
4533 4836
4534 4677
4536 4798
4537 4545
4542 4805
4547 4620
4550 4658
4558 4600
4561 4651
4568 4976
4577 4781
4582 4621
4595 4830
4596 4627
4603 4786
4603 4794
4612 4698
4635 4836
4643 4818
4654 4810
4664 4779
4667 4834
4674 4999
4680 4738
4682 4730
4702 4963
4705 4805
4717 4819
4720 4774
4726 4819
4735 4954
4743 4849
4754 4852
4759 4907
4790 4984
4795 4987
4796 4947
4803 4980
4806 4860
4810 4859
4812 4822
4818 4929
4847 4851
4857 4950
4880 4890
4914 4953
4941 4976
4946 4955
